  -4.13114880848408e-01
  -4.09460129690525e+00
   4.42275325021574e-01
  -2.70529051125209e+00
   5.55265033370785e+00
   1.45118248191292e+00
   6.86227266213180e+00
   2.09630161907745e+00
   1.87162621551165e+00
   1.84921689058708e-01
   1.14047782999302e+00
   1.77898838247952e+00
   6.48080674630763e-01
   9.91794878971956e-01
   1.61748017226420e+00
   4.85759585086036e+00
  -1.49842624102517e+00
  -6.05442625930912e+00
   4.34737217810103e+00
   2.85655771708568e+00
  -2.46883818439295e+00
   4.25410107881669e-01
   2.54250485363265e+00
   1.12505575390360e+00
   1.08545502611103e+00
  -4.00281210224302e-01
   5.27746295144336e-01
   3.61399778206759e-01
   6.54129921267597e-01
   2.53292889382556e-01
   4.23692918660762e-01
   2.07143117719774e-01
   1.38177439964741e+00
   2.24568525914775e-01
   3.21363442303865e-01
   7.29174983973709e-01
   1.42255057901217e+00
   2.51442060184851e-01
   6.47675395040476e-01
   4.92895076420069e-01
   1.69414967636148e+01
   1.72741710599426e+00
   1.68123579369592e+00
   6.97896923595024e-02
   3.69927004552966e+00
   4.82385442011964e-01
   8.77002888154104e-01
   4.63501581406738e-01
   3.38452225255632e-01
  -1.14752017382941e+00
   4.87514190574788e-01
   3.19940983324831e-01
   8.21745483178405e-01
   2.55090278563815e-01
   3.37290975370904e-01
  -8.33134516245895e+00
  -1.57728309446278e-01
  -1.11858406901050e+00
   6.04082381003910e-01
   5.16336542896195e-02
   5.93920175360566e+00
  -1.55459797597931e+00
   3.58932035775783e+00
  -2.40317590730767e+00
  -1.15430389709222e+00
  -6.28476059264549e-01
   2.76120026049450e-01
   5.94516731609818e-01
   9.11606206242118e-01
   7.08806228558390e+00
  -1.66708145274820e+00
  -2.44636972284593e+00
   1.04269618579336e+00
   4.79035799809587e-02
  -1.19622340763713e-01
   6.24336479017706e+00
  -7.98868174149077e+00
   2.00548807696020e+00
   1.43581640150014e+00
   4.33756888333933e-01
   4.28693467790440e+00
  -1.13616405615342e+00
  -2.23006768387031e+00
   4.20322547616406e-01
   8.68243141553914e-02
   4.72355555652510e+00
   6.74831211407281e-01
  -1.26973128389862e+00
  -5.28630696028639e-01
   4.40842313681453e-01
   4.18485916103474e-01
   9.75105666291503e-01
  -1.33078860698167e-01
   2.73644021069965e-01
  -8.85357704089849e-02
   4.26676832793761e-01
  -1.59657427340828e-01
   8.26883929351111e-01
  -1.72684203158596e+00
   9.36739812779892e-01
   8.22185256120499e-01
   7.56553623426883e-01
   1.42215158621026e-01
   6.72173371471584e-01
   2.08197375991337e-02
   4.74120598041309e-01
   3.21730312549973e-01
  -5.16014346068262e-01
   1.65313715814874e-01
   3.13910865619402e-02
   6.79014899784380e-01
   7.89823354925048e-01
  -3.54812359976429e-01
   3.50155928096951e-01
   4.45506806595224e-01
  -5.29436067606680e-02
  -1.13521317007155e-01
   7.05661832175720e+00
   1.08985943880906e-01
   4.58187810070252e-02
   8.02331779662850e-01
   1.64877182906433e-01
   1.39815567176322e+00
   1.92580699547430e+00
  -1.03251052128802e+00
   1.49703914657912e-01
  -1.19335527292222e+00
   4.96382964413090e-01
   1.88504051347320e-01
   5.78991846090090e-01
   3.34076975941592e+00
   8.11494080197552e-01
   5.88567200162992e-01
  -1.79579640995006e+00
   5.93214311600070e-02
   2.11612052752560e-01
  -2.29312935244234e+00
   4.93866933989725e-01
   4.45187987371045e-01
   6.67687828083181e-02
   1.60385451035693e+00
   1.94582237738670e+00
  -1.15240415440110e+01
   8.24606773737686e-01
  -8.34248026553153e+02
   1.15416271039647e+00
   1.97512075904375e-01
  -8.58340723496813e-01
  -4.30466026048437e-02
  -1.17892571836231e+03
   1.84591903696464e-01
   9.75346554115998e-01
  -5.05536804589530e-01
   2.33966613843039e-01
   2.68457334217471e+00
  -3.65624541099861e+00
   1.28989850223250e+00
   5.05397200109269e-01
   4.51661297347625e-03
   7.15513261972530e+00
  -6.67523820435510e+00
   3.42873798349874e+00
   7.40147330102140e-01
  -4.22046666903778e+00
   4.70509200368961e-01
   6.11877569326590e+00
  -5.28409683642633e-01
   9.05823001495729e+00
   1.83246369709322e+01
   1.04057469003118e+00
   5.39779577102340e-01
   5.25169936551544e-01
   5.46233885544863e-01
   1.59742433338364e+00
   3.66665477930314e-01
  -2.49209978034761e+04
   1.34516809393341e+05
  -1.10746028539861e+04
  -7.37370858011959e+04
  -1.78400074254423e+01
   2.86979005003079e-01
   5.64067628475793e-01
   3.39864106232397e+00
   2.62042859569634e-01
   5.96315345431266e-01
  -1.14896560229938e+02
   9.00094214027017e-02
   5.71074024022882e-02
   8.41194731770116e-02
  -1.05353772599847e+00
   8.42580456418053e+01
  -6.57627195342738e+00
  -8.89936042089101e+07
  -1.28007903621419e+01
   9.28093453556709e+00
   4.71077820845123e-01
   6.84793996562971e-01
   2.30036706562934e+06
   8.13745709630471e-01
  -8.36402495574882e+00
   2.77048886953338e-01
   4.05653744546382e-01
  -8.17186008937940e+00
   1.23737067002224e+00
  -5.01385797740832e+00
   7.19159455446723e-01
   1.83964493354573e-01
  -1.52919626465167e+08
   2.48394248464492e-01
   7.02295883568809e-01
   3.60604853961412e-01
   2.27064196800232e+00
   3.03457648344805e+08
   5.39961717926675e-01
  -6.66886921026578e+00
   6.16930471894582e-01
   2.87831086960045e+00
  -4.57746280786426e+09
   1.51885664214010e+00
  -1.06459664244128e+01
  -3.21978392104878e+00
  -2.21336717763634e+00
   1.19726823687749e+00
  -1.44424724136014e+00
  -1.75383714921020e+00
   4.29921734676762e-01
   3.44975442432920e-01
  -4.73107552869463e-01
   9.76644553356734e-02
   2.29539458511833e-01
  -2.11328036927731e+08
