   6.91012974218937e-01
   3.94361318323650e+00
   7.65126578457164e-01
   4.72823509155746e-01
   8.86759281177998e-01
   8.34790603646445e-02
   1.23588785473622e-01
   5.31305761561839e+00
   1.07323162720589e-01
   1.89550162851209e+00
   8.65012957185979e-02
   6.72402740303615e-01
  -1.87376763848747e+00
   1.53062971380103e-01
   1.93223327488277e-01
   2.53580823193109e-01
   6.33987628332379e-01
  -1.98198951403998e+00
   2.57483251668208e-01
   5.75394848673338e-02
   6.48005721461030e-02
  -1.11629016831345e+01
   5.49678405480788e-02
   2.05304253298826e-01
   6.55009502043193e+00
   6.93457926015117e-01
   5.82191390501163e-01
   7.10247067134011e-01
   2.62989801011509e-01
   2.66022068127606e+00
   4.39865859913415e+00
   4.98938134638098e-01
   5.08897640756276e-01
   7.00108131254142e-01
   8.32655241611186e-01
   5.89248053875371e-01
   1.21192345175719e+00
   9.09713581223254e-01
   6.64964963753238e-01
   9.92232800808513e-01
   6.11378453341790e+00
   9.89343564952418e-01
   5.89757111198156e-01
   1.09452753502016e+00
   5.58996243840776e-01
   8.22742342643610e-01
   1.06778967514425e-01
   9.74053511178085e-01
   4.09208998681654e-01
  -6.14353173653690e-01
  -1.41113638767369e-02
   3.84057462367066e-01
   9.54207914860085e-01
   1.43472686198264e-01
   1.84393159195163e-01
   7.35742857578995e-01
   1.78173795953621e-01
   6.32760371673498e-01
  -1.85294770338687e-01
   3.01211048057867e-01
   6.94156823651039e+00
  -2.59412068613640e+00
   9.37139297817002e-01
   1.31903165520119e-02
   4.81337255168747e-01
  -2.23048146652931e+00
   2.84288109246648e+00
   2.52157406533210e-01
   4.14458237315741e-01
   4.82493763695353e-01
  -2.25622730233737e+00
   6.99803088247741e+00
   7.32623665003396e-01
  -3.02937092623309e+00
   3.13427415160750e-01
  -8.43089396373660e-01
   1.87986319040873e-01
   2.25555284985134e-01
   7.43040938918544e-02
  -2.31215944519524e+00
   4.41250087433145e-01
   6.37125532091495e-02
   6.06186275652697e-01
   1.82700918508043e-01
   9.57437681758511e-01
   7.14777933175555e-01
   2.50021957325442e-01
  -1.27369586318859e+00
   8.91946435855677e-01
   3.67200765245112e+00
   6.18909133097636e-01
   2.00270131216665e+00
   4.65888000776008e-01
   9.54194165744909e-01
   6.47134792732083e-01
   6.06399135177477e-01
   2.84941765097198e-01
   2.61223026970301e-01
   7.44405535862039e-01
   1.00801603572048e-01
   8.75424705853418e-02
   1.17698778155748e+00
   9.62686161027609e-01
   9.51365393563810e-01
   8.89153178729654e-01
   4.65111178659537e-01
  -3.33218463260835e-01
   9.28644792332815e-01
   9.07775456042856e-01
   5.78789178164957e-01
   3.38193077285864e-01
   5.26468855259406e-01
   9.89717271639834e-01
   7.75559726532344e-01
   5.81139360825130e-01
   3.66172072365658e+00
   8.95236446473392e-01
   4.92804414709797e-01
   5.59754854328816e-01
   4.39609412756776e-01
   4.59449285705221e-01
   6.02071853634935e-01
   1.80383761963054e-01
   5.61151112225443e-01
   8.02766019974984e-01
   2.10842470188546e-01
   7.17771684778563e-02
   5.32547575523582e-01
   5.45676976227321e-01
   4.44661080578650e-01
   1.68353806904584e+00
   2.43759212460544e-01
   5.31570896288180e-01
   7.98679791044219e-01
   1.26802208537296e+00
  -7.31780831532386e-01
   4.45190515227462e-01
   3.10237287317529e-02
   1.00895388238442e+00
   1.80807889523361e-01
   2.62460704261468e+01
   9.07924804475874e-01
   7.19243318177407e-01
   9.39832822857347e-01
   3.94636708495504e-01
   3.73491200191425e-02
   8.61769454857101e-01
   8.87355476565359e-01
   9.73969606204876e-01
   5.93337001476413e-01
   1.82179804859941e-01
   1.02421167772100e-02
   8.70673991213866e-01
   5.48210096182847e-01
  -3.12972276515245e+00
  -7.99556741234564e-01
   7.31605243744145e-01
   1.01484226415729e+00
   7.12525444437063e-01
   5.93124489153757e-01
   1.06461946543749e+01
   7.80523668770390e-01
  -5.23159161862265e-01
   6.57430632791644e-01
   3.83308208797954e+00
   8.89109956514607e-01
   2.43782802248671e+00
   8.04978047406756e-01
   4.93039345128136e-01
   3.52746982111626e+00
   5.93483813849037e-01
   5.05884375201278e-01
   5.06796221263189e-01
   7.39797455580862e-01
   2.81811763382050e+00
   3.26824997238268e-01
  -9.43012159496649e-01
   3.80694319205682e-01
   4.11849707848224e-01
   6.58070092728968e-01
   3.72239411981888e-02
   9.01574080063318e-01
   1.90836160229750e+00
  -2.66035854180367e+00
   8.55429975748365e-01
  -1.85042850455951e-01
   3.78498066392959e-01
   9.50091593193007e-01
   7.27703695741899e-01
   1.91186351085454e+00
   5.30015970827088e-02
   5.39631597017698e-02
  -2.63696216626352e+00
   1.01323405141728e+01
   1.27211126169614e+00
  -8.27307379935132e+00
  -8.51218109806995e-01
   3.60173519608135e-01
   7.28994774352146e-01
   5.65521262383797e-01
   2.55274591620674e-01
   3.92610542372343e-01
  -2.75275485565656e-01
   1.66812822490394e+01
   3.55618986932383e-01
   2.11846242291781e-01
   3.83686665158573e-01
   7.86445008025712e-01
   3.27414115112002e-01
   3.03515841860099e-01
   3.93864581598901e-02
   3.77445953142571e-01
   4.16157618911973e-01
   1.70194564834248e-01
   3.30231157274829e-01
   2.65020894801331e-01
   1.08430037788663e-01
   2.30115096881953e+00
   2.97738844025063e-02
   3.18392493989821e-01
   2.43408269911687e-01
   6.34625414583271e-01
   9.14897573523649e-02
   4.70495686548358e-01
   2.53735378418890e-01
   9.25788286140990e+00
   6.30978493136633e-01
   1.34095881196715e-01
   6.83031444945686e-01
   7.76690522218222e-01
   1.44321463497617e+00
   2.55513700797888e-01
   4.54714810221789e-01
   4.77701570073439e-01
   3.81322868046830e-01
   7.21789042646241e-02
   8.44268747067204e-01
   6.25233670030935e-01
   8.42652597360752e-01
   4.09226323481933e-02
  -1.65328800740677e+00
   2.34897721765867e-01
   6.30483468356767e-01
   9.42369758145679e-01
   4.51395962509970e-01
   8.66948975653830e-01
   3.45376689613507e-01
   4.04665765230328e-01
   1.48369716678166e+00
   6.60679920443433e-01
  -1.11333186976399e-01
   9.49318935648431e-01
  -6.27303343187110e-01
   6.67470208680011e-01
   4.10194149431863e-01
   8.83558872567284e-02
  -1.15715103225198e-01
  -1.45109547959744e+00
   7.34580426818962e-01
   9.66711922023140e-01
   3.51695550769426e-01
   7.04616494339247e-01
   3.08790157049791e-01
   4.44101746400866e-01
   5.34599798364481e-01
   2.83408603705081e+00
   9.95298030341271e-01
   9.95729949323335e-01
   5.21311031618742e-01
   3.44965595041723e-01
   4.57775042605482e-01
   6.04947098405442e-02
   4.68480814465589e+00
  -2.11248052913518e+00
   3.42636424276343e-01
   5.71424667012959e-01
   3.82667247500748e-01
   4.82558671609759e-01
   1.43279843168159e+00
   6.95247050698496e-01
   5.97361424421791e-01
   1.20062801901696e+00
   2.13142813170778e-01
   2.56158028382882e-01
   5.53326036107413e-01
   2.71849554741775e-01
   1.67470254827751e+00
   1.12029781435557e+00
  -2.77535537274506e+00
   9.54378917326396e-01
   7.61880006326959e-02
   4.31533378284207e-01
   9.62412493089877e-01
   8.34428896931992e-01
   5.28812200545797e-01
   8.25456636192782e-01
   9.32100525559904e-01
   9.13064020530418e-01
   2.69881500327118e-01
   3.39056650248363e-01
   6.87078454129822e-01
   2.05633311466842e+00
  -1.12599225830776e+00
   3.54445899070448e-01
  -4.22359717629776e-01
   2.81461838298227e-01
  -2.28948535832511e+00
   5.57961930624330e-01
   4.31501065116143e-01
   1.27774045027373e+00
   2.82260594089637e-01
   3.71351008508971e-01
   7.70244127368744e-01
   6.93754192299095e-01
  -3.29176698981212e+00
   5.84235720860119e+00
   9.14220140143943e-01
   3.65650547107745e-01
   2.86769412622658e-01
   2.96600615587301e-01
   8.36419391369642e-01
   4.91093699504163e-01
   6.58364325735190e-01
   7.49417654495667e-01
   3.57406489729255e-01
   5.31993342299101e-01
   6.57970773828202e-01
   7.60124810393958e-01
   5.71509197626777e-01
   7.20729513919918e-01
   5.19402653220763e-01
   8.62023720129929e-01
   7.84005656737837e-01
   3.65601562864286e-01
   1.34135787871376e-01
   6.91329483440430e-02
   6.78766629280552e-01
   2.25683760799145e-01
  -2.34778430028734e-02
   8.62047002586558e-01
   2.84546723256142e-01
   2.85672015643526e-01
   9.84402447931656e-01
   8.87280194036327e-01
   4.52637970229227e-01
   6.35535356338722e-01
   9.91584757812023e-01
   3.07145823796953e-01
   9.61641182173808e-01
   1.49405519547595e-01
   2.19126375942545e-01
   4.31848695947868e-02
   5.21309527811273e-01
   1.71826329706920e-01
   2.82510211822814e-02
   1.57065472245495e-01
   1.69591379761258e+00
   3.70628446047487e-01
   2.23014380199064e-01
   7.28498332541668e-01
   6.32621657863549e-01
   1.31792880849137e-01
   1.91924595828314e-01
   4.33395456826514e-01
   7.92061291538207e-01
  -1.04940212092096e-01
   3.75684212136867e-01
   5.30086744357872e-01
   7.50905828906932e-01
   9.98359337472949e-02
   8.86522289440643e-01
   2.22802106364262e-01
   7.84788104502568e-01
   4.73782728646781e-01
   4.36227024669497e-01
   6.31483062926270e-01
   1.12185212287473e-01
  -2.20156054420164e-01
   4.37651821346163e-01
   7.38588940374720e-01
   5.28810742948513e-01
   8.32883705876553e-01
   2.19232452544262e-01
   1.11800320498552e-02
   4.43593793289547e-01
   8.05333689695845e-01
   9.17035808740542e-01
   3.33965718137242e-01
   3.72228322040268e-01
   7.25771646818971e-01
   6.94735702264502e-01
   7.79391432132583e-01
   7.43131909612098e+00
   4.22294530961373e-01
   4.63570080653088e-02
   5.34244179228522e-01
   9.01745621989366e-01
   6.23302068683221e-01
   2.77599490426640e-01
   4.96497651759924e-01
   1.04439792206291e-01
   9.95110576453094e-01
   2.60883983229659e-01
   6.49978101103330e-01
   2.12339934414422e-01
   6.25757678980297e-01
   1.10115393116193e-01
   7.41553559236626e-01
   2.15867731283107e-01
   3.97104437315969e-01
   1.06405333009550e-01
   8.10981065020925e-01
   1.01895848258091e+00
  -1.96584064504949e+00
   7.02087471296598e-01
   3.16604827711179e-01
   7.94906820513893e-01
   6.07111627053056e-01
  -1.00629995149202e+01
  -2.75257258395498e+01
   4.65915379117274e-01
  -1.97750097544681e+00
   6.69706981009667e-02
  -4.47234683790604e+01
   3.93554521907845e-02
   7.88854641279394e-01
  -5.44633375553195e-02
   6.77234586418539e+00
   2.49104268420440e+01
   3.10610795538226e-01
   6.22798218036354e-01
   1.81627776071001e-01
   2.22006613957699e-01
   8.01509132050681e-01
   1.63358753157481e-01
   1.76567277021970e-02
   4.89330936843054e-01
   7.48527438262723e-01
  -5.87653295028617e-03
   5.83036187855653e+01
   9.35813847433689e-01
   3.35285726159478e-01
   2.08057462265159e+00
   7.35612216748117e-01
   5.68845155153840e-01
   9.54812381861178e-01
   3.43627193630456e-01
   5.96156415341495e-01
   8.93496449394063e-01
   5.58366020004435e-01
   7.20506244208899e-01
   1.18415972945669e-02
   1.32201465761589e-01
   2.44262144063116e-01
   6.63273462403227e-01
   5.18952355012546e-01
   7.20738775432454e-01
   5.08440180512607e-01
   4.90653130176457e-01
   8.23367754027412e-01
   1.07545739009518e-03
   2.32260336501206e-01
   8.87644958630039e-01
   2.91727731140204e-01
   4.28098718523573e-01
   7.75375770352048e-01
   9.21705732085605e-01
   1.16813181164141e-01
  -6.96099557328826e-01
   3.18200031443450e-01
   9.86721064889208e-01
   5.59568764910218e-01
   8.44041406104360e-01
   1.16293517461183e-01
   1.28191785445499e-01
   1.32251546779765e-01
  -1.26797191679802e+00
   3.37379638728397e-01
   1.55123970448203e-01
  -7.58973243001070e-01
   6.61631627316415e-03
   5.59568666973506e-01
   8.81613318287587e-01
   8.07589224201925e-01
   9.02053903448910e-01
   6.76302587493045e-01
   6.99579992657332e-01
   6.21476983009594e-01
  -4.89494362168030e+00
   3.45883858228407e-01
  -6.13629296779530e-02
   9.30699325420532e-01
   2.16582790583643e-01
   1.96694780232708e-01
   3.76365547453244e-01
   1.42826414501185e-01
   2.42976219096601e+00
   3.39362006792502e-01
   6.03439851846528e-01
   5.87279347956776e+00
   9.41594806330767e-01
   1.67865807921919e-01
   9.10966821679840e-01
   5.23096163823608e-01
   1.47565746436272e+00
   5.28870803580403e-01
   8.95003007468187e-01
   9.24184928195351e-01
   1.21459370123663e-01
  -5.00992265512791e-01
   5.02089911994770e-01
   1.10446228697172e-01
   2.42109909342072e-01
   6.41431287695389e-01
   4.30189429516992e-01
   1.04640660176101e+00
   7.71230989960595e-01
   9.35695067483790e-01
   6.74091183804442e-01
   8.92604021305500e-01
   2.24312329303619e-01
   3.89233377967676e-01
   5.25822522988181e-01
   8.27002512577696e-01
   6.98697288787286e-01
   7.82823962523986e-01
   8.72564756790909e-01
   3.18863088879205e-01
   3.46513132243924e-01
   1.87614168178286e+01
  -5.98464171772168e+00
  -6.11230020081266e+00
   7.93934742358483e-01
   1.36392721504156e-01
  -2.99157205763133e+00
  -1.95804592481031e+00
   7.14990155947226e-01
   4.16453719788809e-01
   4.99777920820001e+00
   8.36057118899882e-01
   9.06529638371209e-01
   4.43431528040656e-01
   8.15264144276625e-01
   8.05403743676988e-01
   1.33585143578817e-02
   2.67511492971842e+00
   8.98176304769179e-01
   2.29291743092984e-01
   2.98258121741792e-01
   1.06221328538946e-01
   5.91444276548663e-01
   2.88420950196879e-01
   2.08542220705959e-02
   3.34645042206529e-01
   2.61678323822659e-01
   6.25279420852640e-01
   2.29972021295676e-01
   7.93737272170250e-01
   9.88320942059479e-02
   3.07269016497620e-01
   2.38597089827633e-01
   5.93252570178943e-01
   2.20153980627794e-01
   8.60854738556680e-01
   1.04221522677752e+00
   1.59947638385430e+00
   4.49388400997022e-01
   7.41252375110850e-02
   1.28209104180911e-01
   6.24411061258933e-01
   3.51807694779353e-01
   8.06109342066936e-01
  -1.05152875694006e+00
   2.18988500052127e-01
  -2.19187133410591e-02
   9.35771473286065e-01
   5.33135837160885e-01
   7.33609772283934e-01
   2.43339436726388e-01
   3.53701016564714e-01
   6.88693502772922e-01
   2.50416546535868e-01
   3.17690549566266e-01
   7.67780188362943e-01
   1.39007080863057e-01
   4.09385737222333e-01
   5.44221931556830e-01
   2.47440005767830e-01
   5.74863306914739e-02
   2.31784758731623e-01
   3.92896357641041e-01
   6.87046167760643e-02
   9.07765693063181e-01
   8.33648091570310e-01
   2.28459425376942e-01
   6.94698479815712e-01
   6.55679753821194e-01
   5.40960584553406e-01
   2.05296063321791e+00
   6.06794238872724e-01
   4.72411491118816e-01
   2.29569548008315e-01
   4.93449548627974e-01
   2.61392443757861e-01
   7.84324680376944e-01
   2.51784397872064e-01
   6.58057106965248e-01
   7.96763393882651e-02
   9.70257548135825e-01
   7.97338443839467e-01
   1.08678395900652e+00
   1.07410853313008e-01
   5.96903285802881e-02
   9.19151184577100e-01
   3.62785136059547e-01
   7.45301231192480e-01
   2.20872978388882e-01
   7.36269232600549e-02
   3.02677532333265e-01
   5.31746637606319e-01
   3.92033886000607e-01
   8.63058173033902e-01
   4.54384571152918e-01
   2.35001522225794e-01
   8.36096662034826e-01
   3.65656310172378e-01
   2.09801335916762e-01
   4.42591957022712e-02
   3.86713779245836e-01
   8.36062159255726e-01
   4.57107516684154e-01
   7.02702605958424e-01
   1.79217211177944e-01
   6.61902723883137e-01
   5.39131652477736e+00
   8.29836095661673e-01
   9.03950334016210e-01
   9.25848085398715e-01
   7.61229226138751e-01
   1.32669401864871e-01
   3.04481754266258e+01
   5.61720012017395e-02
   1.34785704982273e+00
   3.04830651406586e-01
   7.28352868337348e-01
   1.17720412610900e-01
   7.14667340485396e-01
   1.05884986308487e+00
  -1.05528278275735e+01
   3.40682547232454e-01
   2.26604620383109e-02
   3.88976650028013e-01
   3.77257168468673e-02
   7.57986349258415e-05
   3.44825863995688e-02
  -1.25057617352492e+00
   3.24938164243911e-01
   4.29130984204417e-01
   1.82218495375579e-01
   3.72652989520064e-01
   2.19591589535096e-01
