   4.61145348814306e-01
   3.16136561485245e-01
   7.18638490499410e-02
  -1.51682633026835e+00
   1.44523430303175e+00
  -1.98793791857665e+00
  -9.76572750187052e-01
  -1.20641969379617e+00
  -8.08485394713762e-01
  -1.41050190192786e+00
  -3.16171846714957e-02
   8.48216883606391e-01
   1.54114733610199e+00
   1.74960665204085e+00
   1.20992915941874e+00
   9.05855494277739e-01
   4.36920637395192e+00
   3.39229744072249e+00
  -2.86467913969759e+00
   5.54787799244072e+00
  -3.18639272910196e-01
  -2.64793687874636e-01
   5.44567303518138e+00
  -2.26693397349195e+00
  -1.05904311920177e-01
  -2.95718755478706e+00
  -1.08528553108395e+00
  -2.17553367347668e+00
   6.43502312911200e+00
   5.49441387223319e+00
  -3.87331241004230e-03
   3.16351901437260e+00
   3.63394420523959e+00
   3.54115309038311e+00
   2.83170777557930e+00
   3.42013442076054e+00
   5.77694947540430e-01
   6.79370494314889e-01
  -4.94459714630330e-01
  -5.14038294300327e-01
  -7.71920595849088e-01
  -1.15615722814514e+00
  -4.03737100521999e-02
   4.28820677599555e-02
   6.46551589389355e-01
  -1.00910574216036e+00
  -3.53915704672531e+00
   1.34802422636781e+00
  -1.32814391851830e+00
   1.74762049180176e+00
   1.75564487224755e-01
   1.32737167047471e+00
  -3.66328901759775e+00
  -6.69700443136072e-01
   1.14362052043497e-01
  -2.14625248056004e+00
  -9.02325946724750e-01
  -4.06748500930781e-01
  -5.13089631381127e-01
   8.22435968177978e-01
  -1.23680016342391e+00
   6.05852344311324e-01
   4.46470582480878e-01
   4.36731149306062e-02
  -1.40344815754711e+00
  -8.14292742841509e-01
   2.15831355748514e-01
   1.62960170126234e-01
   3.33563437236898e-01
  -1.07977261570054e+00
  -1.48845904179402e+00
  -1.47649116853595e+00
  -5.60124280626815e-01
   1.23794769490041e-01
   4.97371999980850e-01
   5.97810852818065e-01
   8.07127298778050e-01
  -5.11071528736784e-01
   9.33460931213767e-01
   1.04980306623488e+00
   1.80974882291493e+00
   3.08525851032891e-01
   1.94717683654030e+00
   5.63893327903451e-01
  -8.30882180518848e-01
   1.96355071443227e+00
   5.50696718815879e-01
  -8.77829944724772e-01
   1.63468665900691e+00
   3.60329189570757e-01
   1.95678344677631e+00
   2.88875699100404e+00
  -6.78808861649350e-01
   1.87401604319998e+00
  -7.95690264542691e-01
   1.16563059207251e+00
   7.91562879693765e-01
   1.18695201890127e+00
  -2.10814601133084e+00
   2.90004494177219e-01
   5.51180573593819e-01
  -9.64708789070619e-01
   1.53063757455265e-01
   1.39341658478693e+00
   6.90947823298438e-01
   6.62202148303686e-01
   6.40992343418611e-01
   1.35073806701362e+00
   4.01684962706272e+00
   3.15187181604610e+00
  -2.31132989823786e+00
   4.87451129880551e+00
   3.24496295891472e+00
   3.48791852570789e+00
   3.51715013352909e+00
   4.10001042300441e+00
   3.19030580539870e+00
   3.97108437857710e+00
   2.68379667635886e+00
   3.71131447028633e+00
   1.48205074307511e+00
  -6.80008628822043e-01
   6.97853015959617e-01
  -2.09223622786053e+00
  -3.36237434747714e+00
   4.68094243965165e+00
  -4.84911456951386e-01
   2.95818187727777e+00
   3.85653480862052e+00
  -9.16752428043629e-01
   4.52932653759776e+00
  -5.12330519739868e-02
   1.94917070133865e+00
   4.84248315655363e+00
   3.46917340390805e+00
   1.43609709029092e+00
   3.35058146261704e+00
   4.82453495508448e+00
   5.38887050721964e+00
   2.16620201063429e+00
   2.10453040057759e+00
   2.24071928830030e+00
   1.58406217068946e+00
   3.88924208737549e+00
   2.70943583707244e+00
   1.41700494234933e+00
   1.15913833362097e+00
   5.37451257528065e-03
   2.60349185946461e-01
  -3.50070910410841e-01
  -1.88632323257375e+00
  -1.08200686216410e+00
  -2.38481039913663e+00
   9.12400166981706e-01
  -1.21225811924282e+00
   3.14432715382417e-01
   4.97699295361735e-01
   8.59650036909579e-01
   4.54866466506382e-01
   1.16292393772996e+00
   1.83233293148273e+00
   1.22432934389431e+00
  -3.41433813494937e+00
   6.61871924706383e-01
   4.85150909811773e-01
  -1.83540967777012e+00
  -1.12606345855315e+00
  -1.28646576250671e+00
   7.54506934680330e-01
  -2.17895659094075e-01
   2.10964615351849e-01
  -4.12439973224401e-01
   1.87301831060858e-01
  -1.82155875691828e+00
   4.18048358560690e-01
   3.63874508253950e-02
  -2.91782954736559e+00
   7.24378562806941e-01
  -1.83060737445893e-02
   4.32757600757661e-02
  -2.23423279851327e+00
  -1.36564340991831e+00
  -1.39631482532500e+00
  -8.36853618702738e-03
  -1.62873183128554e+00
   2.80846931038604e-01
   6.94888127819604e-01
  -3.86531154594545e+00
  -3.76809824360485e+00
   1.33363357063185e+00
   1.46184960717451e+00
   1.58873279520153e+00
   1.10192098877442e+00
  -1.47583762276177e+00
   2.17408369040449e+00
  -1.39243059195756e+00
  -3.40714333949882e-01
   1.37455190895721e+00
   1.92828403856279e+00
  -3.02608307325364e-01
  -2.30476189872070e-01
   1.58705655048393e+00
   2.46321809761334e+00
   3.08044053708468e+00
   6.92383128687788e-01
   4.04405198131067e+00
  -2.87716921335491e+00
   1.56932113681264e+00
   2.84399722770663e+00
   3.94007478670132e+00
   2.87560229891383e+00
   5.47758282952341e+00
  -4.03722169008552e-01
  -8.28221813820028e-01
  -5.38556494710525e-02
   7.18921486410377e+00
   5.97016160783382e+00
   8.21651444209373e-01
  -9.56761997323961e+00
  -2.66617445077450e+00
   7.63497261437364e+00
   2.71911081013891e+00
  -6.79103511468248e-01
  -5.46847420163963e+00
   2.27458235496138e+00
   2.86874325846974e-01
   1.29938438713102e+00
   1.11956062861295e+00
   4.27266083519634e-01
   6.36668727135579e+00
   1.29110917277753e+00
   5.92975912406941e+00
   2.37020685284383e+00
   2.13129437060447e+00
  -1.11405645396053e-01
   4.29024297536593e+00
   4.37735252835059e+00
   3.12140660512264e+00
  -1.26458160177982e-01
  -1.97242242327397e+00
   3.09293905068730e+00
   2.50448445257202e+00
  -7.75851830221518e-01
   1.31823561225533e+00
   5.53432620260218e-01
   4.01485636009192e-01
   1.65500956906831e+00
  -7.15839368622119e-01
   2.12951744798752e+00
   2.74742011510306e-01
   9.82781095809964e-02
  -6.39743053368284e-01
  -1.24108686561022e-01
  -2.15920088747166e+00
   6.65905482393550e-02
   1.84019823605163e+00
   3.63966172317441e-01
  -1.01166900078383e+00
   1.92917317695128e-01
  -4.52142014659589e+00
  -5.76534648865937e-01
  -1.97372659551625e+00
   5.05450128441361e-01
  -8.80033587027220e-01
   2.35385121694116e-01
  -1.27282625539542e+00
  -4.76320402034481e-01
  -1.03407711423447e+00
   8.42530431358675e-02
   2.36762867287461e-01
  -1.61268151100195e-01
  -2.72255397324975e+00
  -7.95921965493881e-01
  -9.25171715099176e-02
  -2.68791649531386e-01
   1.27189423799987e+00
  -1.12486769908342e+00
  -3.48300894055547e-01
   2.41432644198989e-02
  -1.80576683818194e+00
  -9.52613390469060e-01
   4.27147929357624e-01
  -4.63117314855922e+00
  -8.31195286197590e-01
  -4.77923951603635e-01
  -1.29868093294758e+00
   8.25730591729234e-01
  -1.37465341109860e+00
  -3.84976680585701e+00
   7.58684625141904e-01
  -3.48494234695486e+00
  -3.17828557462131e+00
   9.49132943311633e-01
  -1.79903318299726e+00
  -1.88191335205816e+00
  -1.37344472962045e+00
  -1.56387163441318e+00
  -7.78119977045526e-01
  -2.59298743128770e+00
   4.77885161127682e-02
   8.06384605628545e-01
  -1.96045230783952e+00
  -1.32915451930680e+00
   2.66760071210364e-01
   6.13020587160599e-01
   2.79633327431625e+00
   3.21482422304111e+00
   4.07214526218981e+00
   3.53922780122789e+00
   4.75787662416146e+00
   2.66487845696442e+00
   1.78888229578129e+00
   6.90599697604298e+00
   2.96686186025468e+00
   7.61069075582341e+00
   5.32433293099270e+00
   5.37980385812275e+00
   6.47858952143647e+00
   6.50211838294867e+00
   6.89461769737240e+00
   2.06498372999445e+00
   1.01389176386433e+00
   3.75572618220044e+00
  -1.84177366469021e-01
   5.71730940896864e+00
   1.01228291724433e+00
   2.98329389027199e+00
  -1.21688198595971e+00
  -2.07816838428776e+00
   2.63884124197966e-01
   6.14315357429541e-01
   1.60568865872224e+00
  -3.96174535090527e+00
   4.74561217746804e-01
   8.60494835799863e-01
   1.52241657353093e+00
   1.86369305853545e+00
   6.33698192690781e-01
   2.09401183913555e+00
   4.04058678742526e+00
   6.76464949464857e+00
  -3.97446139068857e+00
   4.06817892001722e+00
   5.48758642091448e+00
   3.49819212793877e+00
   6.83658238027069e+00
   3.80897693291822e+00
   2.89808669314984e+00
   2.82200918838603e+00
   4.75842337626104e+00
  -7.18509108781751e-02
   2.88975704910458e+00
   1.98937273354672e+00
   3.41609619225724e+00
   1.86772351237428e+00
   1.16966777499069e+00
   1.14945731229832e+00
   7.64153613663574e-01
  -2.40115434329605e+00
   9.38022481908910e-01
   1.36427510656827e+00
   1.01281743250606e+00
  -2.82483099920396e+00
   3.85421810621801e-01
  -2.13969119491913e-01
  -2.81496183969017e-02
   2.19841615762120e+00
   9.43357662910011e-01
  -1.46659482208893e+00
  -7.74804430513405e-01
  -7.13546554316372e-01
  -1.86022897674352e+00
  -1.12238391280594e+00
   2.36498495688115e+00
  -1.00429842373692e+00
  -2.86788333882988e-01
   1.13638326552350e+00
  -1.57672593911216e+00
  -1.54369071169535e+00
  -9.02597615305104e-01
  -2.39716076949921e+00
   8.52336008771537e-02
  -2.78029682770103e-01
  -9.80914120753688e-01
  -1.36344406875001e+00
  -3.13325967396336e+00
  -3.06158919517688e+00
  -1.22834599802309e-01
  -2.65097649581444e+00
   4.69288669381194e-01
  -2.91555100192895e+00
  -1.62035373049412e-01
  -2.61004799913949e+00
   1.59723749973014e+00
   2.87006062259160e-01
   2.33386366008895e+00
   2.14750948199084e+00
   1.86218402802128e+00
   3.47987895736105e-01
   2.67071076752668e+00
   2.28575284756621e+00
  -1.43749587409594e-01
   5.62433951633006e-02
   5.57343041944159e-01
   1.71881884139534e+00
   7.98746384439391e-01
   2.43767060855421e+00
  -7.91976048449079e-01
   1.27218976230702e+00
   2.22984684569851e+00
   2.54526298348005e+00
   4.74823633517658e+00
   1.88322751064470e-01
   1.19241333959976e+00
   5.86171225890316e+00
   5.67811451233333e+00
   2.94333111980736e+00
   4.19370810988871e+00
  -8.31181384070852e-01
   7.17797266335233e+00
   2.41161216597006e+00
   3.37546988416320e+00
   2.19757332148506e+00
   6.44748640935827e+00
   2.43891017828732e+00
   2.72061622098968e+00
   9.39103152519979e+00
   2.20755336328252e+00
  -2.27378736265096e+00
  -4.59482175720118e+00
   3.44878154778066e+00
   1.04514709645056e+01
  -6.88267368479487e+00
   5.62741699515313e+00
   2.10858807807758e+00
   2.08113404486917e+00
   6.23616511159084e+00
   1.87137289254238e+00
   3.30040161573211e+00
   6.54107141686063e-01
   8.77548134573967e+00
   3.53777098606601e+00
   2.84805945718940e+00
   1.58593789070178e+00
   2.00581515331864e+00
   1.62163510448331e+00
   5.32679376374031e+00
   3.32752812814501e+00
   4.58219013939665e+00
   2.01997082462290e+00
   2.00827296562706e+00
   2.80621838185757e+00
   2.96241003835362e+00
   2.57805278578885e+00
   2.08391768307151e+00
  -2.61662262383456e+00
   2.64515163652640e-01
   1.14709628718824e+00
  -3.26924083712934e+00
   1.23824124303760e+00
  -5.51950029768114e-01
  -8.38522202627565e-01
  -2.73150124547561e-02
  -9.06955246516055e-01
  -1.28805247041041e+00
  -1.99361519970885e+00
   1.24447895304470e+00
  -1.28475173896263e+00
   1.27069459713780e+00
   2.31238844662143e+00
   9.08361428332818e-01
  -1.04245414941020e+00
   7.21086193675682e-01
  -2.92776299721345e-01
  -1.19866852554046e+00
  -3.58657111979120e-01
  -2.50117649713761e+00
  -2.31139745964251e+00
  -2.25938662000758e+00
   1.39696495234798e+00
  -9.65602564580059e-01
  -2.92330355017825e+00
  -1.68987886415275e+00
  -3.31328055800245e+00
  -6.64200283862440e+00
  -1.81292103885972e-01
   6.01543492028349e-01
   1.74242582243610e+00
   4.72444037643435e-01
  -7.62442733010949e-01
  -3.74368643157673e+00
  -4.89994685377210e+00
  -4.69750599354015e+00
  -2.51939082028580e+00
  -4.24990786979092e+00
   1.72644934333257e+00
   1.99659998740130e+00
  -3.31790440675272e+00
  -1.63415715025744e+00
  -4.14677583786747e+00
   1.77541049272022e+00
   2.31395059129058e+00
   3.00122467080600e+00
  -3.23328901521913e+00
   7.29911792950269e-01
   9.89195731030713e-01
   1.99450576828908e+00
   1.54836862361403e+00
   3.03040731412934e+00
   4.18261975081455e+00
   2.00951975632702e+00
   4.25644179300948e+00
  -2.95948989497069e+00
   5.65292028563953e-01
   5.72172338432178e+00
   4.99494996581156e+00
   9.87374805591707e-01
   1.11431491348335e+00
   1.81246847674915e+00
   7.22458868208573e+00
   6.80987864951580e+00
   4.45982066155025e+00
   3.24905671916544e+00
   3.66726194858997e+00
   3.15706453365706e+00
   8.45048302812679e+00
  -4.45015192622109e+00
   3.35229017324050e+00
   1.68319182025348e+00
   4.35003402503888e-01
   8.52080741092336e+00
   3.33157967094984e-01
   5.89243025131704e+00
   9.92353382795331e+00
   8.88022272883349e+00
   1.44692613239490e+00
   9.92374317177396e+00
   6.71306081502112e+00
   1.83787836224669e+00
   3.71458258283487e+00
   2.26140234555091e+00
  -1.79438152092630e+00
   4.01058216049037e+00
   9.70448530928129e+00
   9.41936427561554e+00
  -5.16817217561752e+00
   3.30906622368470e+00
   1.11771379707911e+00
   4.55124165012798e+00
   3.48040121909812e+00
   7.99779701380171e+00
   7.80138551265295e+00
   4.34212634437380e-01
   4.04102335515304e+00
   1.85150741519387e+00
   2.81655131778020e+00
   2.77706759898424e+00
   2.49739519317622e+00
   2.89733727887155e+00
   6.14892752229402e+00
   5.83213653146790e+00
   2.28662501107387e+00
  -2.86040566602774e+00
   2.09876454230788e-01
   1.63167711822657e+00
  -2.84533632938156e-01
   1.79510115246389e+00
   9.99833809476649e-01
  -2.32273200738732e+00
   1.47684202529049e+00
   1.59529379438359e+00
   9.32306351226225e-01
   3.07138131760120e-01
   2.54098603890861e-01
   4.25479574242808e-01
   1.23469771998784e+00
  -1.82981227109835e+00
   6.23883252407858e-01
  -6.33580353864864e-01
  -5.57219368822053e-01
  -5.66970531991365e-01
  -1.13108557857809e+00
   3.27005620711534e+00
  -1.17819991975725e+00
   1.95972518258727e+00
  -2.17884303429751e+00
  -3.83193904470941e+00
  -1.98823922080633e+00
   1.09979995107042e+00
  -2.31410940433975e+00
   1.05379768512844e+00
  -2.66072244498796e+00
  -2.32029096886877e+00
  -2.00945465661957e+00
   1.33979177830238e+00
  -4.08541893683383e-02
   1.21771028145440e-01
  -2.72100668552307e+00
  -5.19322422838818e+00
   1.54178542087856e-01
  -1.89722972727291e+00
  -9.53702443448356e-01
  -6.78180883080905e-01
  -7.02484132488710e+00
   1.90773481225726e-02
  -4.85546516104569e-01
  -9.36215661269535e-01
  -1.60140346780145e-01
  -2.92247225187462e+00
   1.91381967952602e+00
  -2.98439838928230e+00
  -4.38878728564169e-01
   1.51007737999239e+00
   2.57015224700035e-01
  -2.30478490416122e+00
  -1.21329390411439e-01
  -1.05824158595383e+00
   1.31490281580423e+00
   1.29053050999951e+00
  -7.72393634521769e-01
  -7.18771496550608e-01
  -5.59479411787243e-01
   8.73936562742210e-01
  -2.30327919499223e-01
   2.68823723372557e+00
  -1.29436263488834e-01
   1.67289901863401e+00
   2.84111396816947e+00
   3.21877910718663e+00
   1.23971273487782e+00
   4.13264615319545e+00
   3.40073900871644e+00
  -3.33819684118231e-02
   7.48710101559313e+00
   7.35267705427409e+00
   3.67323411167504e+00
   2.13232492012244e+00
   1.28050737832214e+00
   1.21544394433672e+00
   3.58411051500402e+00
   2.86969273101126e+00
   6.62386829384754e+00
   9.55162821115132e+00
   2.68917301974866e+00
  -1.89600181098181e+00
   3.24344145559385e+00
   7.99655880793230e+00
   1.04774439512368e+01
   3.83926238335894e+00
   4.15973166435301e+00
   1.41946210243000e+00
   1.83625299017162e+00
   9.89625575319965e+00
   8.32750406006939e+00
   7.79819872025032e+00
   2.68201746545596e+00
   2.53565191438533e+00
   9.77231860756196e+00
   1.73588863661930e+00
   4.27265917832042e+00
   4.96636081696501e+00
   7.28072531297507e+00
  -2.10354376895416e+00
   4.39158191175115e+00
  -4.17470663074150e+00
   4.31177983719331e+00
   1.12140735083190e+00
   1.32595435339513e+00
   6.45884698049408e+00
   6.34136905934169e+00
   5.98732443979738e+00
   6.09606140775136e+00
   5.35007337135189e+00
   1.39450898126975e+00
   3.69167514251253e+00
  -2.79321596132696e-01
   1.58801789060649e+00
   3.51156978675271e-01
   1.40101415489712e+00
   1.61422618970769e+00
   2.40897939525726e+00
   7.22718820168802e-01
  -2.62300641790339e+00
   1.95877351506592e+00
  -1.15806224436878e+00
   1.56249906064218e+00
   1.27996701673978e+00
  -1.76680357329210e+00
   2.01505283452948e+00
   1.80443567598936e+00
   1.59265001531289e+00
   1.86625128926894e+00
   1.37684730957653e-01
   1.76213594906326e+00
  -1.34737395845682e+00
   1.22437361309871e+00
   1.44587442923616e+00
  -3.90642447207742e+00
  -3.46131378437199e+00
   2.60522118460266e-01
  -1.21771826181143e+00
   5.57242799083860e-01
  -6.60150000307633e+00
  -6.51715599195749e+00
   1.38314189924804e+00
  -5.23787161781775e-01
   4.27073842242543e-01
   7.12542592982708e-01
   4.51728673558272e-01
  -5.23772981699844e+00
  -2.38831605358746e-01
   2.01945411951092e+00
   3.61597758514244e-01
   1.30985296819576e+00
   3.36939834921076e-01
  -2.82462426125753e+00
   3.69153057751782e-01
  -1.10824711272458e+00
   9.35935740021841e-01
  -1.83884610053688e+00
   1.44481679739570e+00
  -2.18399478088836e+00
  -1.68142173942747e+00
   2.58955754036665e+00
   1.55086569332175e+00
   7.68811193457759e-01
  -2.65121333298203e-01
   4.70885477103925e+00
   2.85326972460293e+00
   1.51935356691788e+00
   1.95958653806988e+00
   1.72521286629685e+00
   5.08893112233377e+00
   7.59961769426641e+00
   1.01585898286535e+00
   1.33585673170469e+00
   8.26137666717491e+00
   5.18317070140815e+00
  -8.13638875579077e+00
   4.33007253908286e+00
   1.01411793683033e+00
   4.71618163164398e+00
   4.49016259216946e+00
   8.22993489828982e+00
   3.73597101669579e+00
   1.46499392110777e+00
   4.39897710477285e+00
   9.12362771669918e+00
   9.79936692064998e+00
   7.44228058946660e+00
  -3.11047508801935e+00
   3.88792854192811e+00
   1.77546763256500e+00
   5.77383763613957e+00
   7.86008381250954e+00
   2.67889217570896e+00
   3.87467382080481e+00
   8.49563535183838e+00
   4.77247379019732e+00
  -2.89098850200830e+00
   4.77687245797929e+00
   3.04812012515790e+00
   3.50360730543448e+00
  -1.29139172089786e+00
  -7.73664510541954e-02
  -1.63748911395928e+00
   9.71786621122328e-01
   5.87995762805817e+00
   6.69415094924911e+00
   2.54608489978559e+00
   6.78744029423856e+00
   4.22989481694926e+00
   3.05262895721457e+00
   1.56326092300437e+00
   5.53664512498258e+00
   2.04721578282638e+00
   3.12914098349952e+00
   1.39156334603390e+00
   2.22132403962600e+00
   4.60974170058412e+00
   1.50291213183859e+00
   9.31900326732966e-01
   2.76496910356536e-01
   1.11345792907937e+00
   2.11464622059216e+00
  -2.52134456277404e+00
   2.74999389764297e-01
  -3.90725612038009e+00
  -4.09531550777124e+00
  -3.89491419915689e+00
   1.69682194159136e+00
   1.14508994099332e-01
  -3.17593054424547e+00
   1.39701199154219e+00
  -1.60600400343220e-01
  -4.27835989087803e+00
   1.30736212914976e+00
   1.93966180976363e+00
   2.05095190864736e+00
  -1.63868490936952e+00
  -2.25571434771928e-01
   1.03651017686297e-01
   5.19961287158048e-01
   1.00018120203108e+00
   6.14246296846881e-02
   2.40247828727583e+00
   9.24975515894539e-01
   1.71783541370146e+00
  -4.05038217341539e+00
  -7.49612786937951e-01
  -5.31379047327255e-01
   2.33066551010006e-01
   1.02494243319156e+00
  -3.15760444971679e+00
   1.12840201709073e+00
  -2.13698140574420e+00
  -2.38314226782027e+00
   8.18898147184108e-01
   6.98554752182781e-01
  -2.34715842461251e+00
   9.23040214357706e-01
   4.67262577826795e-01
   5.38007146704162e+00
   4.07358544943372e-01
  -2.13266423493088e-01
   2.88107941456669e+00
   5.77755009529132e+00
   2.12309860343898e+00
   7.27402857504526e+00
  -6.37776137692877e+00
   3.31818511891665e+00
   1.30757284016286e+00
   2.43163782248407e+00
   5.34689898200681e+00
   8.60745831002182e+00
  -1.10030193948555e+00
   8.66302185524287e+00
   4.04755965287418e+00
   5.08463332397832e-01
   2.63290428507130e+00
   8.74066648236762e+00
   8.68265720362083e+00
   8.73792378345492e+00
   4.90115666026863e+00
   1.76711642208388e+00
   4.56719818025353e+00
  -2.41793550193765e+00
   2.00497122894753e+00
   2.05938933462780e+00
  -1.28139892294153e+00
   5.44156010211568e+00
   3.58184494925185e+00
   1.29006419311659e+00
   6.54876472445553e+00
   1.07275671643870e+00
   6.50193387169579e+00
   4.45440577776403e+00
  -6.98656922694232e-02
   5.80441947328804e+00
   3.98163553550980e+00
   1.71217304959236e-01
   1.01691037190008e+00
   3.03542943874995e+00
  -2.45220542892989e+00
   2.98091262770745e+00
  -2.45101201931980e+00
   9.11706350970371e-01
   2.20072898394633e+00
  -3.46162649449844e-01
   1.46245541964995e+00
  -1.28293494765862e+00
   1.77500457414967e+00
   2.10058421643148e+00
  -5.85523224258714e-01
  -2.94497472105636e+00
  -3.89714883817292e+00
   1.44113556881180e+00
   1.00939613985624e+00
  -2.27111679594586e+00
   2.03035439584846e-01
   3.53674251084066e-01
   2.22882610711840e+00
  -2.27058999101232e+00
   4.47593610798912e-01
  -5.98812551844140e-01
  -4.13252547966463e+00
  -2.79280333113079e+00
  -1.91857181050623e+00
   7.05711054329321e-01
   3.94032861754703e-01
   1.25941397503097e+00
   1.46281947270668e+00
   6.01579831865046e-01
  -3.47147287698576e+00
  -3.45139154202921e+00
   2.25531806627910e+00
  -1.78897917822710e+00
   2.61432553902537e+00
   8.34703086197032e-01
  -1.97594086552136e-01
   1.79676287243014e+00
  -2.83467295809579e-01
   6.57575291384742e+00
   3.66707868210519e+00
   6.59975211637961e+00
   7.01844277299778e-01
   6.90804365167346e+00
   8.44059626442822e-01
   1.89616733624020e+00
   6.78309070195169e+00
   6.27759753006116e+00
   5.08171795770809e+00
  -3.27191541863963e+00
   5.60101133502408e+00
   5.12404539133981e+00
   8.16536359165016e+00
   8.25782877672477e+00
   8.74296020422766e+00
   5.22988884063775e+00
   8.67527421402351e+00
   4.78071651845143e+00
   7.63567686094043e+00
   3.23746631135432e+00
   5.05784699893606e+00
  -1.10534581612669e+00
   8.41555889242058e+00
   2.66788911205199e+00
   4.68751292458287e+00
   5.15387199572901e+00
   5.20721075218002e+00
   1.91174756974410e+00
   4.97123415613819e+00
  -1.34797709219388e+00
  -5.77374152409889e+00
   5.09004460222709e+00
   6.70801776941257e+00
   4.32444433972264e+00
   4.85274096084063e+00
  -4.03809298256315e+00
   6.11948993869327e-01
   8.60808910076366e-01
  -1.41179029535897e-01
  -6.21704738833478e-01
  -7.66829710088905e-01
   3.65928314070711e+00
   5.51216007185817e+00
   2.52215065977134e-01
   5.44070132182378e-01
  -7.57722851129534e-02
   2.60865063353699e+00
   4.88362778766850e-01
   1.57393349038980e+00
   7.50104465806680e-01
   1.37572743496835e+00
  -4.28277373567094e+00
   3.63429136112836e-01
  -3.28009899848789e+00
   1.20793181769036e+00
   2.39262634901584e+00
   1.11013667944294e+00
  -5.39495563201294e+00
  -5.74399226068500e-01
   3.13546138888477e-01
   1.78267688259802e-01
  -3.35083492414106e-01
  -6.13752032916412e+00
  -7.24934798254353e+00
   1.54471644177783e-01
  -5.83328762986503e-01
  -1.61932899703775e+00
   4.48891454409613e-01
   1.17567924520667e+00
  -1.27771718751183e-01
  -5.38902059215480e-01
  -4.77154576049407e-01
  -1.72790123095502e-01
   6.19186699838019e-01
   3.34725545306491e-01
  -4.08265924356497e+00
   6.23852733802914e-01
  -1.84096945872066e+00
   2.47773303882163e+00
   2.79897811374226e+00
  -7.90200238995431e-01
   1.11217411430985e+00
   1.01639345415983e+00
  -7.60743112602404e-01
  -3.73206115427261e+00
   1.05251479755220e-02
   6.05507409146548e-01
  -3.17976307568538e+00
  -3.05528692184257e+00
   2.12947358569786e+00
   8.06135256068182e-01
  -2.96318649203099e+00
   2.27274607535960e+00
   4.09687949843964e-01
  -1.84969847537727e+00
  -2.45033065381768e-01
   1.75159764061495e+00
  -1.29255451879621e+00
   1.36890905592295e+00
  -6.39224696022671e-02
   1.12176304034633e+00
   8.65220941532379e-01
   1.20579697104235e+00
   2.10499918067848e-02
   7.63099412183828e-01
   6.02760731236680e-02
   2.01607586782438e-01
   3.00837311001623e-01
   3.68012674441084e+00
  -3.52968915814640e+00
   5.57437394602280e+00
   5.05634141587643e-01
  -5.65692215515978e+00
   9.96220426483114e-01
   5.20408528223120e+00
  -4.43426970842379e+00
  -2.63764008631447e+00
   4.31663004413999e+00
  -8.41430347398733e-02
  -4.62632635723444e+00
   4.77089432477910e+00
   6.47644248075962e+00
   7.08574517117222e-01
  -8.67053452629853e-01
   6.17200402803805e+00
  -5.58564865882258e+00
   4.44447795353167e+00
   5.89560056122095e+00
   2.78746542331478e+00
   7.40988244282698e-01
   9.42058900504116e-01
   5.65114171329437e+00
   1.35612549886096e+00
   4.75608950978417e+00
   5.41881870551074e+00
   4.85916232924423e+00
   7.79384315999427e+00
   5.02313084167886e+00
   7.74631554098337e+00
   5.02955070287057e+00
   7.25494750190514e+00
   4.84315222013006e+00
   1.34510281217913e+00
   1.46386951064155e+00
   5.13143206296458e+00
  -6.96811977673724e-01
   4.16089638857752e+00
   5.03997630135486e+00
   3.63984474172698e+00
  -1.55359790151747e+00
   7.94786478065102e+00
   3.38635375108438e+00
   4.73510029200875e+00
   6.74586349730284e+00
   1.77331583396713e+00
   6.77977959219074e+00
   4.78124887398840e+00
   5.05907419004702e+00
   5.40427690629090e+00
  -8.75106807013876e+00
  -2.63819584558028e+00
   4.48631461911841e+00
   5.66086071938857e+00
   6.92954299843509e+00
   7.76042054861272e-01
   4.63075506064356e+00
  -2.30354759231145e+00
   4.58533896105032e+00
   6.56713119739302e+00
  -4.57611122362187e-01
   4.19079420597077e+00
   3.53677083909783e+00
   7.21296434454552e-01
   5.62362619966884e+00
   5.57317980579819e-01
   2.72421126524159e-01
   4.81256120048010e-01
   2.27733580319318e-01
   2.60312407770211e+00
  -1.02243002900514e-01
   3.87446423192295e-01
   5.43997154210496e-02
   7.23362934160058e-01
   1.57284289389931e+00
   9.54467911107253e-02
   1.98146498436940e+00
   2.28819646735382e-01
   1.10104963653853e+00
   1.30740133329632e+00
   7.09617057145487e-01
   1.24965121134496e+00
   6.37663056057272e-01
  -6.77081103527462e-01
   1.84296364747765e+00
  -3.32049156843809e+00
   9.40029141805234e-01
  -3.06401264467559e-01
  -3.31116014839159e-02
  -3.64607212454926e+00
  -3.59392878378808e+00
   1.46517035743923e+00
  -9.33623510309054e-01
  -2.23683968311966e+00
  -1.04551421629899e+00
  -4.24463971708233e+00
   8.35837566099280e-01
  -1.50942080772516e+00
  -8.67701741693514e-02
  -2.45957554586844e+00
   8.46881155476830e-01
   5.68806928209733e-01
  -1.01607435196170e+00
   1.72932904558925e+00
   8.95020769235225e-01
   4.53508859246676e-01
  -6.85128301172745e-01
  -1.45696152715786e+00
  -5.62209852719980e-01
   1.03084924008467e+00
  -8.09545551990460e-01
  -1.31789611693043e+00
   3.42125212165678e-02
   1.72562097029881e+00
  -9.29477766253377e-01
  -2.84020244339249e+00
   6.03044821071216e-01
   4.14097250899567e-01
  -5.14397785593565e-01
  -1.57459391197003e+00
  -6.74603706769094e+00
  -1.02421190351297e+00
   2.07831924385200e+00
   6.92801771549420e-01
   1.04747730776261e-01
   1.12460921425795e+00
   6.09174079123613e-01
  -4.30214135849247e-01
  -1.66337559506505e+00
  -3.83016878655221e+00
   1.14548510411910e+00
  -1.82559291095809e+00
   1.60519371116893e+00
   1.34771114689115e+00
   1.73399477829948e+00
   9.98011601027565e-01
  -9.31866039777424e-01
   2.05573791179767e-01
   1.79733335233336e+00
   2.00048382714717e+00
  -3.65301029745283e+00
  -3.67237360269232e+00
   4.90398560418861e-01
  -3.12108008030450e+00
   6.76982525355151e-01
   6.47900886164416e-01
   2.93748483723129e-01
  -3.72806389840526e-01
   3.31299306236041e-01
  -2.53334111215540e+00
   1.50540298520732e+00
   6.40009315680936e-01
  -1.89703139155686e+00
   4.00967583879855e-01
   1.09469776495248e+00
  -1.49237335905568e+00
   2.38502906350382e+00
  -1.11376797436410e+00
  -1.34670921096117e+00
  -1.26151956833247e-01
   1.12330665056575e+00
   2.07567638980572e-01
  -1.43516574878672e+00
   1.55921867897100e+00
   1.56370771874767e+00
  -2.23600366225447e-01
  -4.46507840673667e-01
  -1.98769471888687e-02
   1.31527774426936e+00
  -2.14268800147770e+00
   1.78093378164081e+00
   1.36095408353244e+00
   1.17243377052682e-01
  -6.83647253711434e-01
  -2.26828509070265e-01
  -2.86782036779991e+00
   2.98134571956612e+00
   2.56381889004492e+00
   2.31193285095574e+00
   3.57144382225047e+00
  -1.45680333105051e+00
  -2.95560048941011e+00
   2.73143846187986e-01
   2.77358999356343e+00
  -3.04773844565611e+00
   6.84037707143170e-01
   5.33764404050225e-01
   8.90235806239752e-01
  -1.16900629130078e-01
   3.42919495883884e+00
   1.14455237871075e+00
   7.09253914278769e-01
   4.42656678787730e+00
   6.21458566997367e+00
   5.85976651406977e+00
   5.59484853199242e+00
   4.31607576444835e+00
   6.91714188652454e+00
   6.95908688128124e+00
   1.19186456346156e+00
   5.71355350137141e+00
   5.71589613443771e+00
  -6.76903685073603e-01
   1.39733777964298e+00
   1.71876770274425e+00
   1.19072035350396e+00
   6.86451756153306e+00
   6.83228168050314e+00
   4.87368186412200e+00
   7.14491245449712e+00
   6.10184013748871e+00
   4.47235504939012e+00
   5.67696912543683e+00
   5.01425290478178e+00
   3.70372644014437e+00
   4.87007949658268e+00
  -7.07980343900258e+00
   1.18506609510146e+00
   3.13962896090484e+00
   6.07174807939341e+00
   5.98452968196534e-01
  -6.12048793338167e+00
   3.68503305376102e+00
   2.08404703081664e-02
   1.49640036342270e-01
  -1.01812343821485e-01
  -2.02002709411031e+00
   4.34303672195846e-01
  -3.23863320599489e+00
  -1.51591169898243e+00
  -1.39298151878561e+00
   7.89462438711916e-01
   1.71241562606624e+00
   1.78460517588624e+00
   1.41197597987365e-01
   3.67873876877774e-01
   2.47385405570108e+00
   1.68559618335362e+00
  -3.26817114234337e-01
   1.30278674041178e+00
  -7.36362721458909e-01
   4.52739696990784e-01
   1.29333218090883e+00
  -7.52639589199908e-01
   1.79683254417901e+00
   6.33961147831678e-01
   3.92493734542904e-01
   6.65142140940724e-01
   6.21247203797929e-01
  -1.83574425300217e+00
   1.55879250214775e-01
   9.62936635012874e-01
   7.06228279722517e-01
   3.30238998424783e-01
  -2.67025382108009e+00
   6.95821053936151e-01
   7.36899341710477e-01
   4.27753135411103e-01
  -1.86874799511666e+00
  -3.68142135099229e+00
  -4.15959296198967e+00
   1.25352259792899e+00
   1.01684984857106e+00
   6.63733582762824e-01
  -2.34441890311232e+00
   6.07937793636801e-01
   1.02558303874539e+00
   3.76606051746102e-01
  -6.84049075219978e+00
  -1.02781976430047e+00
  -1.06550290352388e+00
   4.35206582647333e-01
   3.49674098660125e-01
   7.42401726546540e-01
   4.45965990595277e-01
   2.22323927780908e+00
  -1.30407169879331e+00
  -4.67893562252252e+00
  -3.96326520166608e+00
   1.14347097098166e+00
  -3.31855913114473e+00
  -4.23904923083851e+00
   2.67028320633235e+00
  -2.24274247027720e+00
   8.53238482101141e-01
   2.46567689307221e-01
  -7.65110820467590e-01
  -9.79261162960802e-01
   1.85808300866179e+00
  -3.18086355081673e+00
  -1.22386562410143e+00
  -1.54678630119952e-01
  -2.15894353840654e+00
   3.34842996982383e-02
  -7.18935121674668e-01
   2.05399344957322e-01
  -2.18618279324696e+00
  -4.67465577954363e-01
   2.42741218877486e+00
   1.91332141161319e-01
   9.61666227150539e-02
  -8.69223884209083e-02
  -9.53853571807945e-02
  -4.39315286583997e-01
  -1.29873352514537e+00
   1.93798686207915e+00
  -9.28634413156806e-01
   1.11921994169202e+00
   2.82131376890129e-01
   1.30680000817770e+00
  -1.80915064852147e+00
   2.78029666792599e-01
  -7.40774150186417e-01
   9.23296106407315e-01
   7.67020749072935e-01
   1.46464347289489e+00
   1.63248805025173e+00
   1.46951597171405e+00
  -4.29539809464450e-01
   2.13326007459195e+00
   7.93287703737541e-01
  -4.14954240921438e+00
  -8.16007341950613e+00
  -2.04460370558886e+00
   2.67054028971097e-01
   6.53145319589520e-01
  -6.61398099423318e+00
  -1.84437999200222e+00
  -8.91334593054749e+00
   1.06216905382566e+00
   5.92867978838526e+00
   4.42747909400727e+00
   1.31010664984037e+00
   3.90884171782559e+00
   5.59582301075275e+00
   1.20460258220933e+00
  -1.78518548397719e+00
   1.32454234734009e+00
   3.95378462478234e+00
  -4.65849383899681e+00
   4.25216416327489e+00
   7.04649821115085e+00
   4.16863079059853e+00
   5.93661463768026e+00
   6.16985031555227e+00
   5.64131971121437e+00
   1.85136148361757e+00
   1.13145281062330e+00
   5.00888841755945e+00
   4.90709197141327e+00
   6.31862186445792e+00
   4.49532243003446e+00
  -2.94935133164731e+00
   5.66204086827670e+00
   4.15353177156626e+00
  -8.40644202139524e+00
   3.55154543435142e+00
   6.53863497760676e-01
   3.84266090495398e+00
   2.66567826665882e+00
   4.75012324879708e-01
   3.70339262022130e+00
   3.41023877275907e+00
   3.03061015259768e+00
   7.02427158240875e-02
  -3.17556787400267e+00
  -2.38235182249674e-01
  -2.37845770619138e+00
  -1.70450335156679e+00
  -1.00929664758482e+00
  -8.74562229167032e-01
  -5.63808742561838e-02
   1.56475326998329e+00
   1.17905965545028e+00
   1.50292859858487e+00
  -8.36741961264584e-02
   1.54990359377111e+00
   1.77188944605509e+00
  -1.35081931312911e+00
  -1.03118998240448e+00
   2.87648685725025e-01
   6.94919320047256e-01
  -1.67239987053367e+00
  -1.76071516705529e+00
  -1.78973395117814e+00
   3.26635472366883e-02
  -1.35619246611700e+00
  -2.32057755096762e+00
  -7.02886777554204e-01
   2.48279366409542e-01
  -6.10769595264038e-01
  -1.28799522461441e-01
  -1.87616305797800e-03
   8.35656914595483e-01
  -2.82365293923690e+00
   2.15250417079141e-01
   2.03609273938778e+00
  -4.19992479214839e+00
  -3.55439666891457e+00
  -2.84444557257561e+00
  -1.29488230750199e+00
  -2.08969175373432e-01
  -5.08934242728947e-01
  -9.52956545875032e-01
  -1.62235913400386e+00
  -4.46078368892618e+00
   1.25916616725603e+00
  -2.23686339704532e+00
  -7.90949296606946e-04
   1.22698160435234e+00
   7.42480233621699e-01
  -1.58621451593613e+00
   4.28157748051853e-01
  -4.04070707275969e-01
  -3.08290020944774e+00
   1.06336120190863e+00
  -2.81687472997996e+00
  -9.68847658396817e-01
  -1.33777484798143e+00
  -3.41571075679759e-01
  -4.50837617614389e-01
  -3.31566837384330e+00
  -3.75098751773189e+00
   2.61499430716608e+00
   2.59903107838135e-01
   1.00459456763579e+00
  -3.31009331173468e+00
  -2.92316975263098e+00
  -1.03797477436033e+00
  -4.08885654167398e-01
   1.75825550575078e+00
  -9.59154217908554e-01
   1.51752406752544e+00
   7.08076233018027e-01
  -6.97703272896297e-01
  -1.15829891028884e+00
  -4.06610128038529e-01
  -5.27125537708208e-01
  -6.56904773721640e-02
   1.05675722522315e+00
   9.15152103338323e-01
   7.04670686878807e-01
   6.33175478634393e-01
   1.40162184262695e+00
   8.56454692487341e-01
  -5.15951794133662e-01
   1.16658065253355e+00
   8.87912849755730e-01
   1.51399392382896e+00
   1.92829377085959e+00
  -4.41052376878984e+00
   1.61640673706383e+00
   1.76260585139257e+00
  -4.52463816705026e+00
  -1.10983992903480e+00
  -2.13012910993061e+00
   5.76181855795903e-01
  -8.96849596419620e+00
   3.28868295875613e+00
   6.30525927409521e+00
   4.16876921245161e+00
   3.34299204646245e+00
   1.56014812531020e-01
   1.31383369641221e+00
   6.06787871885094e+00
   4.25905387138750e-02
   6.31384802718835e+00
   6.19142713739816e+00
   5.63154039054793e+00
   5.84527444537357e+00
   4.17642764473521e-01
   6.40641343279776e-01
  -9.13404623142819e+00
  -1.07423324816353e+01
   2.36569500828150e+00
  -1.61979351787963e+00
   1.75618786629593e-01
  -4.41167571463107e+00
  -4.33068320523203e+00
  -3.89768692537337e-01
   1.05263533993834e+00
   2.27575165298745e+00
   2.64099240570567e-01
   3.92883595316698e-01
   1.68143597805419e-01
   5.54350814492404e-02
   7.39539155388365e-01
  -5.27783463414244e-01
   1.14164140797234e+00
   1.16027491570926e+00
   1.21721431473647e+00
   9.84091472105455e-01
   6.60656811603212e-01
   7.09095750830920e-01
   4.25561378983411e-01
  -1.57541295993588e-01
   7.00538080756041e-01
  -7.23228069762491e-01
  -6.47088145098542e-01
  -1.01090855316202e+00
   1.62156489389977e+00
  -2.55176497400939e+00
  -1.41890231514876e+00
  -1.52094971773645e+00
   9.06856166440315e-02
  -3.76858757982686e+00
  -3.81063852679095e+00
  -2.88229639844471e+00
  -2.23028286794065e+00
  -3.52213187718085e+00
  -8.12847271573310e-01
  -3.96222166080665e+00
   1.77257224539508e+00
  -2.60300777453299e+00
  -4.71947146633270e+00
  -3.47307393724427e+00
  -2.44695738205687e+00
   1.54341145139565e+00
  -8.68867847319514e-02
  -7.00978843866870e-01
  -8.26152004966026e-01
  -1.30731365988354e+00
  -2.46739303666808e-02
  -1.21069011654740e+00
  -3.05813002149521e+00
  -1.93494489425607e+00
  -8.23958794676265e-01
   1.32414484944220e+00
  -7.76817308961518e-01
  -1.74617228590569e-01
  -2.95010522193647e+00
  -3.88513878430863e+00
  -1.90943134885888e+00
  -3.43897283681009e-01
   1.02029382511832e+00
  -1.64943055150602e+00
  -2.01298827552623e+00
  -1.22851692758272e+00
  -4.30095802957886e-01
   8.40636556719027e-01
  -1.05802820937456e+00
  -1.28103818552413e+00
  -8.96174801870393e-01
  -2.75888390484261e-01
   2.34293411656972e-01
  -1.56104695468321e-01
   2.70257843782155e-01
  -5.46930950357369e-02
  -4.01008610032341e-01
   6.13240587190512e-01
  -5.16477288766374e-01
  -2.66139909236563e-01
  -3.96267208864493e-01
   1.41634778548646e+00
  -5.64231783567130e-01
   8.09012104295243e-01
  -1.37317726518709e+00
   9.09216841254556e-01
  -4.27072834801934e+00
  -6.26242372868410e-01
   1.62422733794679e+00
  -1.29937247021053e-01
   4.24496008587220e-01
   2.10250939861421e+00
   5.88883016734280e-01
   1.08941278792840e+00
  -3.10319775712364e+00
   5.75109406198089e-01
   3.08953861970726e+00
   1.47651917101862e+00
  -1.55238636483850e+00
   1.13794625926325e+00
  -8.50091985365458e-02
  -9.01635841164430e+00
   1.53680091793299e+00
   9.42890341254633e-01
   9.70721470290436e-01
  -5.12457983917421e-01
   1.38330652782451e-01
  -1.17948289467754e+00
   5.28505026269294e-01
   3.04637572890123e-01
  -1.37279554974598e+00
   5.37852855522169e-01
  -3.57085316133499e-01
  -6.06311269855587e-01
  -7.28553568677404e-02
  -3.31939101254512e-01
  -2.54109405833197e-01
   4.17002050277142e-01
   1.13620038035710e+00
  -1.29954780357625e+00
  -6.81847763201268e-01
  -1.40911440404293e+00
  -1.51358301776222e+00
  -2.84399800770448e+00
  -1.14487403555223e-01
  -2.35670220629240e+00
   3.93074280424252e-01
  -1.32489766851845e+00
   3.72371146447812e-01
  -2.66936028545920e+00
   2.27091122232391e+00
   7.16069263844155e-01
  -3.50124878788379e+00
  -3.27233097877329e+00
  -2.31093641838684e+00
  -3.52062733657008e+00
  -3.20126505064750e+00
  -3.43484323845391e+00
  -1.12115263091059e+00
  -2.93858050860022e+00
   2.49451226813016e-01
  -2.40511488824709e+00
  -4.33756421698354e-01
  -1.46899968660373e+00
  -1.33285668999802e+00
  -3.20791575150802e+00
  -2.76740175840482e+00
  -1.27447502820906e-01
   4.22143729924664e-01
  -4.42296395045000e+00
  -3.39154052716990e+00
  -2.11093523986697e+00
  -2.30931519834653e+00
  -3.84669091098099e+00
  -2.12550169621213e+00
  -3.45564038815323e+00
  -3.25559853440050e+00
  -3.11876853808235e-01
  -1.42251043402926e+00
  -1.93809808040610e+00
  -2.68028625769862e+00
  -2.42752554547847e+00
  -1.32730214235776e+00
   5.00146461497160e-01
  -7.83838681206226e-01
  -1.42803681679457e+00
  -5.12471127276377e-01
   2.25259097270418e-01
  -1.36532436933385e-01
  -9.14678522121767e-01
   7.36097568392460e-01
  -1.73234664525672e-01
  -1.33476751971089e+00
   9.63848651629768e-01
   1.57400268101096e+00
   1.22391947385872e+00
  -1.34900219688357e+00
  -2.58834033351241e-01
   1.18381101258924e+00
   1.48738016033726e+00
   1.18486779031277e+00
  -6.28497855169085e+00
  -3.78784867257173e-01
   3.31606475848471e+00
   1.91085807145236e-01
   4.39697296959047e-01
   2.75765335620977e+00
   7.10618652210678e-01
   4.79140220666658e-01
   1.72005785931847e+00
   9.38767360922747e-01
  -2.04402650165853e+00
   1.07462828679868e+00
   7.95017047392457e-01
   1.58943250094048e+00
   8.63086496921050e-01
   4.69462310475273e-01
   8.19834640810904e-01
   1.98182064480670e-01
  -1.68734902274705e+00
   4.26957390751476e-01
   5.68079482428852e-02
  -1.37430377681858e-01
  -1.37521669431272e-01
   8.94916082566078e-01
  -1.96013964240578e+00
  -3.67639282699066e-01
  -6.16983587948972e-01
   8.06149628355478e-01
   1.60393448672175e-01
   1.00718965407955e+00
   4.86552509948064e-02
  -1.51490090423145e+00
  -9.13872992303687e-01
  -1.02133886124816e+00
  -2.26627435024861e+00
  -2.15807526656849e+00
  -2.35414966791132e-01
  -1.77118179285831e+00
  -6.13750019952795e-01
  -3.37657182019834e+00
  -7.22003670821187e-01
  -4.23535385009004e+00
  -3.47423312897340e+00
   2.14261560858736e+00
  -2.18223552693403e+00
  -1.52091291976726e+00
  -2.92873578803924e+00
  -2.78676699338653e+00
  -3.02270944150573e+00
  -3.25442864157126e+00
  -9.32787639249774e-01
  -6.40802069304846e-01
  -2.60372112052742e+00
  -2.11041289176942e+00
  -2.61313127484832e+00
  -1.95480339226274e+00
  -2.10001873029828e+00
  -1.23931975830906e+00
  -6.68283810542881e-01
  -2.97332348918631e+00
  -7.52608077241667e-01
  -7.30925807455156e-02
   2.07164787395095e-01
  -1.80801884151501e+00
  -1.01860509329077e-02
  -4.68508855036367e-02
  -5.66336742584872e-01
  -2.31825741849466e+00
  -5.01283975473462e-01
  -1.01727691683528e-01
   1.37022773558251e+00
  -1.53569161557775e+00
   1.92521177384801e+00
   9.64599544179827e-01
  -4.33481941890736e+00
   2.49878606875714e+00
   1.93132345258996e+00
  -1.29131282615998e+01
   6.70294847195827e-01
   1.04337761638649e+00
   3.75125193997442e+00
   1.93810656273049e+00
   3.05094115183979e+00
   1.02932260001594e+00
   3.68971109364806e+00
  -5.66379462269202e-02
   2.06690117165194e+00
   3.84706073918655e+00
   2.71511144883257e+00
   3.48986567936799e-01
   1.63593104562383e+00
   1.27321879905335e+00
   1.86121929436663e+00
   2.77860659390731e+00
  -1.43960408706199e-01
  -1.22960097613491e-02
   3.78356069387473e-01
  -8.44527908847204e-01
  -7.79385116405911e-01
  -1.93785261009257e+00
  -4.97717208311633e-01
  -9.64967673196361e-01
  -2.05075576612081e-01
  -1.58061664163856e+00
   1.82218279804283e-01
  -2.84028430714611e+00
  -2.79806243135668e+00
  -1.16497570567376e+00
  -1.69389758728344e+00
  -1.52846566608728e+00
  -7.27455540926576e-01
  -6.83388440473073e-01
  -1.00128163319082e+00
  -3.39822743164300e+00
  -1.23065942469916e+00
   8.07805694906073e-01
  -2.25244749668841e+00
  -4.12975854184047e+00
  -1.28344217446270e+00
  -1.50027951049456e+00
  -2.23107009127020e+00
   3.30700206779419e-01
   1.21480169648657e-01
  -4.42485201419809e+00
  -2.60576154248324e+00
  -3.92922464622175e+00
  -3.18957858164399e+00
  -3.70707697907060e+00
  -1.99952013755487e+00
  -3.60460106812375e+00
  -2.27442508214595e+00
  -2.31054778017174e+00
  -2.16525577912066e+00
  -2.12462879243944e+00
  -1.27337871812129e+00
  -3.40374440052242e+00
  -2.46030091150883e+00
  -2.60836718904875e-01
  -2.02063124048968e+00
  -1.82387032734582e+00
  -1.15973490114479e+00
  -1.93386161449585e+00
  -1.27638239364783e+00
  -2.04038916693981e-01
  -3.97089132756432e+00
  -1.90914863424027e+00
   1.66512396444150e+00
  -3.75460777699741e+00
  -3.23661921234348e+00
  -1.10397311547954e+00
  -1.54334013918365e+00
  -1.35590942843542e+00
  -1.79234169025754e+00
  -1.00794939468719e+00
   4.13852011156586e-01
   1.28757540604251e+00
   9.49179404359847e-01
  -5.94017242806195e-01
   8.64859243691307e-01
   8.16047512593422e-01
   2.69481925661344e+00
  -5.86707709793413e+00
  -3.05225401121229e+00
   2.69506968471082e+00
   2.14809527482534e+00
  -9.69996824741325e+00
   2.06459898560220e+00
   3.15125293793894e+00
  -1.08608582809919e+01
   2.93733556789371e+00
  -1.31357044627119e+01
   2.51365983869814e+00
  -1.40421813730817e+01
   1.30832300337274e+00
  -1.16548296403497e+01
   4.55746929675583e+00
   2.05141347843996e+00
   6.11094421716325e-01
   1.02272246605676e+00
   3.52075696872375e+00
   2.50738730370190e+00
  -7.25993925764019e+00
  -3.65462774481680e+00
  -1.76943178354200e+00
  -5.94208387356216e+00
   1.51937789494436e+00
   8.05081810249384e-01
  -3.24764733751045e-01
   5.45777182024858e-01
   3.68350294603710e-02
   1.50061137784627e-02
  -7.53701674204740e-01
  -5.99623283449865e-01
  -4.62773444290952e-01
  -3.37727988773941e-01
  -1.58752741795843e-01
  -2.79968930767504e+00
  -1.85650714633980e+00
  -8.90872859726961e-01
  -3.24257400010251e+00
  -3.06580190366262e+00
  -3.00211676920194e+00
  -1.24950287159195e+00
  -2.08978325858957e+00
  -4.99822145038570e-01
  -7.60240891000513e-01
  -3.29379358956067e-01
  -3.48653430435980e-01
  -9.40367935505811e-01
  -2.94222110687983e+00
  -1.01390867247424e+00
  -1.75120785066475e-01
  -4.65916341948637e+00
  -2.31327542955919e+00
  -4.63861653789068e+00
  -2.14551740021839e+00
  -2.15792805941314e+00
  -1.80580932487724e+00
  -1.48251247539233e+00
   2.27317384577781e-01
  -3.82111504526424e+00
  -8.03056222322631e-01
  -1.91210032585364e+00
   1.82161329143264e-01
  -3.44236630136934e+00
  -6.69009519973634e-01
  -1.38800015423281e+00
  -9.17025476458412e-01
  -1.10799292885517e+00
  -7.95960562761912e-01
  -4.06634549164074e-01
  -8.50140402647276e-01
   1.14838417602382e+00
   1.27331768384934e+00
   2.33772176927368e-01
   1.90862089010093e+00
   3.12294503035582e-01
  -4.12530445122579e+00
   2.41213973598419e+00
   2.50285698443090e+00
   2.77737786486932e-01
   2.33227943871602e+00
   2.26529862066050e+00
   4.00336725868464e-01
   4.25769461767609e+00
  -1.21400475209383e+01
   9.65237314543764e-01
   4.21902892166977e+00
   2.62571023011073e+00
   4.23310795576085e+00
   2.50798322395908e+00
   2.47035315859207e+00
   1.80694411649633e+00
  -4.18151863509457e-01
  -1.16076857367702e+00
   1.50848695864547e+00
   9.20722240913300e-01
   2.18397943928857e-01
   1.05491719161014e+00
  -1.14514766559100e+00
  -4.54682827004809e-01
  -1.09564101335068e+00
  -3.27537096531328e+00
  -7.02497309358342e-01
  -3.02293659014035e+00
  -1.40090804896577e+00
  -1.92271036498992e+00
  -4.56571385828746e-02
  -3.63955620948477e+00
  -4.11700972699555e-01
  -3.09096943077370e+00
  -2.07304064186142e+00
  -2.85547967030548e+00
  -3.53754320247103e+00
  -2.90147848105412e+00
  -2.54384438720340e+00
  -4.87120854235932e+00
  -3.25818688082186e+00
  -2.74161747178810e+00
  -1.00919117607268e+00
  -2.67359853994535e+00
  -2.02976522035883e+00
  -2.13033553552928e+00
  -7.64107948585525e-01
  -9.44993421649861e-01
   7.11423098315344e-01
  -2.11748026110263e-01
  -7.51946850787909e-01
   2.03302462432853e+00
   2.14890105281952e+00
  -4.79948289585159e+00
   1.20021373332215e+00
  -1.99057457477725e+00
  -2.93278856141556e+00
  -5.86746357908564e+00
   2.60680747818710e+00
   2.53782753704140e+00
   7.29071466844425e-01
   1.95382032089324e+00
  -1.24818268123462e+01
   8.34926487841721e-01
   5.72379416481589e-01
   2.96339600146907e+00
  -2.53749318860037e-01
  -1.05186827505557e+01
  -1.97739525982784e+00
  -4.00505561534451e+00
  -3.43926824718333e+00
  -4.54168054805314e-01
  -1.90730465643978e+00
  -4.48735802265992e-01
  -3.01076239757535e+00
  -1.41248657593028e+00
  -3.49489979778659e+00
  -1.32539444106792e+00
  -3.82048308422495e+00
  -2.83914966685811e+00
  -2.19488148390415e+00
  -3.79855835651674e+00
  -3.10386863861900e+00
  -2.43882271699281e+00
  -2.06506837641869e+00
  -1.13873840146957e+00
  -8.31914767910212e-01
  -1.74770976464320e+00
  -6.48160081323886e-01
   8.44526736892925e-02
  -1.60318821650694e+00
   2.62342083298016e-01
   4.03328858779923e-01
   2.39055795463914e+00
   1.93181658037170e+00
   4.40384498896628e-01
   9.92242069907797e-01
   2.55598747486706e+00
  -7.40897582189524e-02
  -1.02540540507457e+00
  -1.10518422582462e+01
   2.94845227211785e+00
  -1.22828820259154e+01
   4.21759265644518e+00
  -3.41994507879267e+00
   2.09872966508205e+00
   2.89322181489219e+00
  -1.55317961218484e+00
   2.68573073145594e+00
  -9.62126802601097e-01
   7.64578230422694e-01
   1.36400679024654e-01
  -1.00813401236596e+00
  -6.87803725309869e-01
  -6.80092723143253e-01
  -1.43355039034382e+00
  -1.31592040802420e+00
  -3.51436218897093e+00
   1.57651710522395e-01
  -4.05709780796483e+00
  -4.44792077453699e+00
  -4.91421328955298e+00
  -3.47735287013788e+00
  -1.88130684597022e+00
  -1.81677654673772e+00
  -2.92147077035211e+00
  -1.90164685317254e+00
  -1.73526878640664e+00
  -2.71668544476947e+00
  -2.20475698891628e+00
  -4.53193143047051e+00
  -8.51704148952968e-01
  -5.46135227663021e+00
  -3.80718588443037e+00
  -1.11024918976168e+00
  -1.47286739558954e+00
  -1.39368906259597e-01
  -2.19805026228901e+00
   4.25220413307351e-01
  -4.94396112895070e+00
   4.90963158741714e-01
  -5.63367921067297e+00
  -6.48899959286869e+00
   1.52862981856574e+00
   3.26523742293752e+00
   3.23694549649567e+00
   2.19238327860798e+00
   1.85246249070419e+00
   3.37600245780063e+00
   2.49821752746643e+00
   9.69777316200770e-01
   2.63346150990687e+00
   6.78950221119656e-01
   3.28234527571217e+00
  -1.33357110833717e+00
   2.02880972799462e+00
   3.29959652857737e+00
   1.96148420644217e+00
  -9.91178855255644e+00
   1.48618373276272e+00
  -5.12020473494690e+00
  -1.05336794710318e+01
   2.76375403105535e+00
  -2.61130918932017e+00
   1.10106709999231e+00
   5.68689237226089e-01
   7.30112515363680e-01
  -5.01640791215187e-01
   8.33942708742592e-02
  -2.28486235525893e+00
  -5.52667860637349e-01
  -1.86145771260985e+00
  -1.62206692887125e+00
  -2.85459857111150e+00
  -3.00039670785086e+00
  -2.19767089248840e+00
   4.77494657072520e-01
  -2.94800375037708e+00
  -6.72637827729750e-01
  -2.63195041297317e+00
  -2.06840879214074e+00
  -1.51332555131544e+00
  -1.43728509794392e-01
  -2.51576646854665e-01
  -1.94258174506499e+00
  -6.94089371062410e-01
  -7.57110302495540e-01
  -1.49074253383865e+00
   1.37551906055628e+00
   2.19933281690055e-01
   6.69644991449013e-01
  -5.22433269782460e-01
   1.52927510430541e+00
   2.65716536422510e+00
  -2.07927781146723e+00
   5.40538090826111e-01
   3.89258346422152e+00
   3.57472280882498e+00
  -1.88305931882846e+00
   1.78710399705155e+00
   1.37248850329265e+00
   3.61199053018586e+00
   1.74259128474946e+00
   3.16985759127160e+00
   1.82266166071908e+00
   2.55763630536253e+00
   1.61474130212732e+00
  -9.33382410317140e+00
  -3.25661268511781e+00
   3.74762666674678e-01
  -1.66987436023056e-01
  -3.67699992630015e-01
  -1.76841015273099e+00
  -2.34073759141743e+00
   3.31315168380706e-01
  -2.63593731379920e+00
  -3.96229648345056e+00
  -2.26014846907115e+00
  -3.67610559998730e-01
  -1.30201006179764e+00
  -1.50697668259531e+00
  -1.43233455626782e+00
  -8.36015472212103e-01
  -4.33731246661578e+00
  -3.10030328257276e+00
  -2.83333343659965e+00
   9.87999869975276e-02
  -4.34474078809112e+00
  -3.52399586462784e+00
  -8.79618427987544e-01
  -2.27748066891841e+00
  -2.73755379928193e+00
   7.92423744489633e-01
  -1.21793456088731e+00
  -3.33625734793427e+00
  -3.96064902392195e+00
  -1.79786537882851e+00
  -4.35358124070127e-01
  -2.14687934538097e-01
   1.14175554065832e-01
  -9.08367657947116e-02
   1.70832641821485e+00
   2.01275682613154e+00
   6.87304024846662e-01
  -8.00758349095654e+00
   1.92412981577140e+00
   6.51592208989450e-01
  -3.11500905672788e+00
   6.84664174415182e-01
   3.62545087539106e+00
   4.15806349770096e+00
   4.25715292458167e+00
  -3.43913297115782e+00
   3.98913621724309e+00
  -9.52465610792101e+00
  -5.84694298729651e+00
  -6.83289656366001e+00
  -1.31190954131915e+01
   1.99283308028421e+00
   3.23239259957531e+00
  -3.50702531091233e+00
   2.48362925342203e+00
   2.01421428547214e+00
   3.10564965338153e-01
   1.22270277535017e-01
  -1.83373857764173e-01
   1.66578398764750e-01
   1.12072264273729e-01
  -4.44812393040943e+00
  -2.54099989250958e+00
  -1.72324872430804e+00
   7.45481844771711e-01
   5.40792066346648e-01
  -3.40195645984614e-01
  -3.09461315064801e-01
  -8.15244134720479e-01
  -2.72040722266170e+00
  -4.06471978074797e-01
  -2.91883612499792e+00
  -3.85455568400344e+00
  -2.34177471232838e+00
  -2.38895258152011e+00
  -4.60315084113686e+00
  -6.04238691293040e-01
  -1.63861965757724e-01
  -2.78458314175487e-01
   2.05722892291137e+00
  -1.12854639933889e+00
   1.68713707298729e-01
   2.65960546025885e+00
   3.38004202204606e+00
  -3.47419375304694e+00
  -5.54508756179425e+00
  -2.84275144309490e+00
   3.27173619390258e-01
   2.70289494940166e+00
   2.36166010571755e+00
  -6.44698142651928e+00
  -3.84398568436322e+00
   2.29449201068305e+00
   1.90154803275814e+00
   2.67735495499087e+00
  -2.52841882053736e-01
   1.77696531791494e+00
  -2.40163376037604e+00
   1.79367888352331e+00
  -2.41417276821526e+00
  -2.43006043071623e+00
  -4.12899040465604e+00
  -3.49428571861472e-01
   1.82245580368194e+00
   4.14396514162485e-02
  -5.57387528699883e-01
  -4.92405652922435e-01
  -7.31778783261098e-01
   4.26836760467403e-01
   8.20907101290822e-01
  -2.71089188328447e+00
   2.02778466597683e+00
  -1.19768236507557e+00
   7.73590367521956e-01
   6.82175533023973e-01
   1.28965471905135e+00
  -6.07546534193970e+00
   6.96892198521618e-01
  -1.68899532796196e-01
   1.15620073898722e+00
   5.93043901122791e-01
  -8.33499682094817e-01
  -3.86421978189433e+00
  -1.68062520078684e-01
  -1.12228596413647e+00
   3.73718058709978e-02
  -3.70679598866309e-01
   2.84197810547917e+00
   2.78833472149395e+00
  -3.23394973526638e-01
  -1.62305477420873e+00
  -1.09600339254835e+00
  -7.94951177120115e+00
   1.03012061900622e+00
   3.71701658136512e+00
   5.62605422507854e+00
   4.44962804552792e+00
   8.01684929037172e-01
  -3.65656816328269e+00
  -5.91964543509540e-01
   3.47116442572783e+00
   2.93554516869803e+00
   3.82205497641657e+00
   3.80266294196326e-01
   5.90337956038773e-01
   5.40960191977455e-01
   1.02980746196544e-01
   3.95573705514061e-01
  -4.97944928744210e-01
  -2.77510069736022e+00
  -8.09466345335159e-01
  -1.39981625597361e+00
  -2.06199305481264e+00
  -2.32330378641004e+00
   8.31651991621720e-01
  -2.42324737424574e+00
  -2.12007820560016e+00
  -1.06953771901985e+00
  -4.36639209083842e-01
  -5.61908249554882e-01
  -8.39719167012709e-01
  -2.10216209595078e+00
  -2.65579457706631e+00
  -1.34536348840070e+00
  -1.64325607833539e+00
  -2.38687075244011e+00
  -1.19698527105220e-01
  -3.28479088276118e-01
  -9.24623345205737e-01
  -3.48850995266594e-01
  -3.48430670078279e-01
  -9.01216613933548e-01
   2.36787016800385e+00
  -1.38339470118672e-01
   1.27469493228227e-01
   2.51138963667122e+00
   7.30273814711063e-01
   2.73534300647178e-01
  -8.59329256960200e-01
   4.51260919525080e+00
   6.84570610054969e-01
   1.57018234652801e+00
   1.60802511236320e+00
   4.85467589228769e+00
  -8.23721880691529e-01
   5.79440347499393e-01
   4.18530736869023e-01
   8.86140589173145e-01
  -2.88186891919855e-02
   6.54742302372278e-01
   2.96654775108814e+00
  -1.20206836335169e+00
   1.02146879303395e+00
  -6.52136923189437e-01
  -1.00122504432316e+00
  -2.21223892228122e+00
  -1.27461845764160e+00
   1.28160771505599e-01
  -4.73551767096328e+00
  -3.45480573889367e+00
  -1.34294626009328e+00
  -1.27168232284794e-01
  -2.24136629650989e+00
  -1.18889944093266e+00
   4.85511419467138e-01
  -2.46772150629886e-01
  -1.33086159576474e+00
  -1.90324301009637e+00
   8.44069197419821e-01
   2.05500137724493e-01
  -6.66205202736101e+00
  -4.13116133618710e+00
   6.99722740052402e-01
  -1.31989341058111e+00
  -1.50817972809168e+00
  -1.04449168644337e+00
  -1.11964629212421e+00
  -9.09710444818166e-01
  -9.14434766938803e-01
  -4.29743461473649e+00
  -2.48040270445913e+00
  -5.64251634343100e-01
  -6.71782964289838e-02
  -3.39517447327899e-01
  -8.44387392164072e-01
  -5.48203872753994e-01
   1.00605569638128e-01
   1.31395465277955e-01
   2.19634963954513e-01
  -3.74877233854796e-01
   3.82164606333526e-01
   4.46839898371413e+00
   4.74215574387485e+00
   1.86225890747587e+00
   2.11380017577098e+00
   3.90050922865292e-01
   5.06448048419784e+00
   2.26575248630083e+00
  -7.62442145144496e-01
   5.00713065784125e+00
   1.60025015420447e+00
   1.06881553736380e+00
   2.02058778224591e-01
   5.14564356827045e+00
  -1.87350692564769e-01
  -9.31028509758003e+00
  -2.75822690230462e-01
   5.44297031657288e-01
  -4.27239799234349e-01
  -6.42889923985286e-01
  -4.25466336032409e+00
  -9.85110194342133e-01
  -2.82144024610793e+00
   1.38597277944623e+00
  -3.95439068420897e+00
  -9.29176073444842e-01
  -1.47299012122408e-02
   8.58359370933749e-01
  -2.64604579230204e+00
  -2.35120535087709e-01
  -5.84926370935327e+00
  -7.15512405552929e+00
  -6.68035832823589e+00
  -6.40609639976819e+00
   1.09434818388913e+00
  -7.94733014075524e-02
  -4.00946068970007e-01
   8.89066341477609e-01
  -8.22645347454773e-01
  -7.96881199374048e-01
  -4.69742437424293e-01
  -3.51149524520301e+00
  -4.99389613798349e-01
  -1.43197631022017e+00
  -1.28051748682433e+00
  -8.92363343529587e-01
  -6.58121286147753e-01
   1.76013552336507e-01
  -1.20467207786883e+00
  -9.15990496142377e-01
  -2.65058860260843e-01
  -3.62964194075039e-01
  -6.95083569161202e+00
   4.10869927421950e+00
   3.05186575116763e+00
   6.05867861212709e-01
  -8.94912191764511e+00
   7.69444009251083e-01
   6.12584684952844e-01
   5.97149378055033e+00
  -1.25046787304064e-01
   1.60592492650462e+00
   4.38101288620978e+00
   4.46345665980348e+00
   1.37683670450965e+00
   6.22708420931499e+00
   5.00293898808118e+00
   1.04835629455660e+00
   5.12033028633732e-01
   2.42598644499881e+00
   1.51374591081198e+00
  -1.91304714719522e+00
  -1.88692276897459e+00
  -9.03637935187226e-01
  -4.03822054184261e+00
  -7.86188858762990e-01
   2.66453712571228e-01
  -1.40881725851145e+00
  -2.73943347098780e+00
  -5.86369664931610e+00
  -6.01900258865059e+00
  -5.74106355881091e+00
  -1.53799137558904e+00
  -3.16553051187825e+00
  -8.55274658493732e-02
   1.37573188252409e+00
  -1.14735149086469e+00
  -1.83730813841826e+00
  -6.11202304404151e-01
  -8.14662160218950e-01
  -2.26222995983185e+00
  -5.57586856630997e-01
  -9.32407595303494e-01
  -1.31406770323202e-01
   4.48878618177527e+00
   1.33058884722154e+00
   1.31071272492604e+00
   1.95202544775034e+00
   2.47765859646292e+00
   5.77992035618822e+00
   5.88539650290977e-01
   3.40219940782313e+00
   3.95131852880436e+00
  -2.37547773481024e+00
  -1.69372251261971e+00
   4.37104249125377e-01
  -5.64418604731009e-01
  -1.91916766132122e+00
  -7.65604891350768e-01
  -3.63147900592944e+00
  -6.32074114819066e+00
  -1.46536760128547e+00
  -8.61905418522702e-01
   3.43920813444265e-01
   2.49062394367788e+00
  -3.89691749294662e-01
   3.72526705427981e-01
   5.35007426540823e-01
   1.97454177772229e+00
   5.66869921540560e+00
   1.47793154498881e+00
  -2.51558482164774e-01
   3.94532215229582e-01
  -1.55859398498146e+00
  -3.14899377078155e-01
   7.72097961530698e-01
  -1.47002790054180e+00
  -3.95372764059039e-01
  -1.62384958207972e+00
  -1.23184871734507e+00
  -3.11253111464416e+00
  -4.18254580460221e+00
  -1.25435703763319e+00
  -5.15016918262034e+00
  -6.08196804079642e+00
  -7.44693316200185e+00
  -5.23987863980074e-01
  -1.31226848383253e+00
   1.45494980824105e-01
  -1.93205935035485e-01
  -2.74258073981023e+00
   1.22463127326832e+00
  -1.49013146199818e+00
  -2.34763621285206e+00
  -2.31703258982257e+00
  -6.11170981636724e-01
   6.32331309418728e+00
   7.19472304594227e-01
   7.09518117877283e+00
   2.51726835473541e+00
   6.84031193657710e-01
   5.06305154075030e+00
  -1.32231763022069e+00
   4.14414820333982e+00
  -9.80605675800221e+00
   1.52526195487689e-01
  -3.37075468936610e-01
  -1.67375789558523e+00
  -5.78985201433944e-01
  -1.07470409925541e+00
  -1.75069099532252e+00
   2.40439451251236e+00
   4.57536788225434e-01
  -2.66295712775068e+00
  -2.14864234295451e+00
  -1.31191705056685e+00
   2.18972875475461e+00
  -7.44954820588510e-01
  -7.17767454063369e-01
   2.30468154897148e-02
  -3.13736746368327e+00
  -1.83182048378590e+00
  -3.05214844978523e+00
  -5.81314515179914e+00
  -4.36938204739000e-01
  -9.14285117046211e-01
  -3.26196324254338e+00
   1.04034276208872e+00
  -1.24600826774290e+00
  -1.25757743418021e+00
  -7.32474481080636e-01
  -7.73860257869592e-01
   8.46175260135305e-01
   2.39197927466329e-01
  -1.13871896383248e+00
   3.19979385089163e-01
   1.15801049831784e+00
   3.03388352861580e+00
  -1.57500427139426e+00
  -1.85495190147490e+00
  -8.26991507129470e-01
   6.28328064236225e+00
   2.79056203661744e+00
  -1.09145011863061e+00
   2.74685295233134e+00
   4.32955909972147e+00
  -2.06806673702508e+00
  -1.67531976575311e-01
  -4.09655931453790e-01
   5.88059049745560e-01
  -1.42575293825744e+00
  -4.32201834147555e-01
  -3.93379028006939e-01
  -2.74444741015655e+00
   3.25120049985403e+00
  -1.48213711240974e+00
   2.50128288378087e+00
  -1.07321436205243e+00
   1.07635730309053e+00
  -1.04685019268150e+00
  -1.99207532723390e+00
  -9.04530377137099e-01
  -9.20469767259283e-01
  -2.66211096129232e+00
  -1.36654948902774e+00
  -1.96841523034786e+00
  -8.85977671758615e-02
  -1.00176032167536e+01
  -6.85410301896673e-01
  -4.86023860806004e+00
  -6.26132011128453e-02
   1.15669966747296e+00
   6.68708256974346e+00
   1.73691835795776e+00
   1.52664726425532e+00
   3.20140201641620e+00
   8.24670271703976e+00
   2.97209638158633e+00
   9.22287672776427e-01
  -1.33333872889839e+00
  -3.98305505730469e-01
   7.37539696839571e-02
  -1.03264727728115e+00
  -3.85437677243636e-01
  -1.30941532847633e+00
  -2.57570596760784e+00
  -1.80749066388976e+00
  -1.38904083213661e+00
  -1.89038247388075e+00
  -2.93886131263193e+00
  -2.75200761974566e-01
   9.80335394254461e-01
  -5.58762815694811e+00
  -5.33773720649758e+00
  -2.04825286119499e+00
  -1.00035811375105e+00
   5.66101756599573e-01
   3.04880527325045e+00
  -1.62667572826363e+00
   1.12899935366217e+00
   1.23381296388211e+00
  -6.53265504990291e+00
  -1.56127952733960e-01
   7.97023004897845e-01
  -1.95117047520657e+00
   7.00918241460081e+00
   4.54623617056054e+00
   6.69868428331360e+00
   3.03846283923044e+00
   6.31297633059284e-01
   2.17402627060087e+00
   2.26927247717972e+00
  -1.94315478049112e-01
  -2.64237908340770e+00
   4.16061507289773e+00
  -5.85681195273997e-02
   4.54544222701056e+00
  -3.52614487592323e+00
  -4.10685545632791e+00
  -5.96754478169353e+00
  -3.45663682513624e-01
  -1.17147560382714e+00
   2.21780934728499e+00
  -3.29612225857850e+00
  -3.28430346533864e+00
   4.17560587138828e+00
   3.59882107973726e-01
  -4.16639686435252e-02
  -5.20455841014050e+00
  -7.37672126110178e+00
   2.03632410717287e+00
   2.11776326290342e+00
  -3.81156088856961e-01
   9.24488483081539e-01
   3.35721297926388e+00
   1.04315528158363e+00
   5.55102837169547e+00
   7.43851448086524e-01
  -8.28464382228822e-01
  -6.76219957073818e-01
  -9.31141574057484e-01
  -2.33761674950606e+00
  -6.38969538672291e-01
   2.51198408980067e+00
  -8.85862703895646e-01
  -7.74711374744448e-01
  -6.11693038242505e+00
  -9.42545177181365e-01
  -5.37440117407694e+00
  -7.83408889237172e-01
   1.25999153152056e+00
  -3.43511806551837e+00
  -7.51267182244056e-01
  -1.05947956414716e+00
   4.07504723876686e+00
   3.64613486240946e+00
  -1.41077549662609e+00
  -2.68256070675247e+00
   1.48848826996223e+00
  -8.72179321875456e-01
  -1.06946013884212e+00
   2.81437606262730e+00
  -3.40973070626101e+00
  -5.05937235535248e-01
   6.02789403300553e+00
   5.84977645981339e+00
   3.18507865795268e+00
   8.41613556548295e+00
   3.82561361421826e+00
   7.31512914719510e+00
   1.41490310251097e+00
  -3.71831597621062e+00
  -5.06722947742083e-01
  -2.69283849654071e+00
   2.47495954704527e-01
  -1.19206518332112e-01
  -6.69824072126949e-01
  -9.62419672547049e-01
  -1.19937224436658e+00
   4.24914018509858e+00
  -1.32164275296404e+00
  -3.99957474834796e+00
  -2.24647798525471e+00
  -4.77413023459562e+00
  -4.93411074768742e+00
  -1.09811089672608e+00
   9.15550574096864e-02
   4.56422936639678e-02
  -1.97220129668867e+00
  -5.84145864231018e+00
   6.88952475720407e-01
  -3.41830623596466e+00
  -4.32847304939819e+00
  -4.19808344785802e+00
   1.97993551396589e+00
   2.00339629109990e+00
  -1.50991629433506e+00
   1.29332111576013e-01
  -3.64271564658202e-01
  -2.44483788780813e+00
  -7.91049728530061e-01
   5.98050191773063e-01
  -3.11922140750298e+00
  -1.84583984538708e+00
   3.79183425230303e-01
  -5.45396769463500e+00
   2.49441388449136e+00
   3.72576391189263e+00
   1.47791010209234e+00
   4.98674958009192e+00
   5.24217132433673e+00
   8.17853656205730e+00
   3.82595333594645e-01
  -1.21307573179684e-01
  -2.84571267839951e+00
   1.90191546761661e-01
  -7.65187181940610e-01
  -3.30049392460146e+00
  -2.18591440895793e+00
  -4.23462091919223e+00
  -1.64591862015582e+00
  -1.24032845298698e+00
  -1.17521090649721e+00
  -8.35310025942227e-01
  -5.86063181313154e+00
  -5.33549826516978e+00
   2.30789082380229e+00
  -5.74713582328378e-01
   1.47878006226770e+00
  -9.57442404568161e-02
  -3.08555411374741e+00
   1.92953523231213e+00
  -1.37859363809171e+00
   2.20633741509769e+00
   5.56933478880773e-01
   3.34692985565484e+00
  -1.08563119732103e+00
  -2.16643862990941e-01
  -3.94349422323877e-01
   2.04612446923556e-01
  -1.21865219978722e+00
  -2.57248843927164e-01
   3.07572715323854e+00
   6.90345558365288e-01
   7.78421776406638e-01
   8.51411133722785e-01
   2.11263848802368e+00
  -1.96168048624577e-01
  -1.37129057428670e+00
   7.73926544609562e+00
   4.38925212115387e+00
   1.98761592127916e+00
  -2.94482378432244e+00
   1.83238574300185e-01
   9.06732886251710e-01
  -8.12825968741755e-01
  -8.87028034019614e-01
  -5.68700992260807e-02
  -3.37075359806341e-01
   3.34495090505848e+00
   1.22939036625407e+00
   1.36200674338365e+00
   2.54753906202631e-01
  -9.12397290028458e-01
  -6.59379034301629e-01
  -1.48566169337847e-01
   1.65254485186815e+00
  -4.19223516158477e+00
   2.21478866081511e+00
   2.27408178270448e+00
  -4.22612471826006e-01
   4.39933411439733e-01
   4.71469944539558e-01
  -2.39743340763062e-01
   1.71781451928377e-02
  -3.41555539873830e+00
  -4.20840722991534e-01
   1.00279821260224e+00
   1.33142254809913e+00
   3.14039892359701e+00
   3.24410595127770e+00
   7.73722555030613e+00
   7.55187209760256e+00
   2.02218166634079e+00
   6.44224687885207e-01
   9.86786570031335e-01
   1.51144262930634e+00
  -2.11448516140249e+00
  -2.12598035889264e+00
   1.75122666185794e+00
   1.86025071424788e+00
   1.36124709160654e+00
  -4.74617030464774e+00
   7.71018210711185e-02
  -1.77532032354438e+00
  -1.67367461289482e+00
  -1.03012941024585e+00
  -6.27716483410132e-01
  -2.23232607153114e-01
  -4.79613803337620e+00
  -4.00881137701168e-02
  -2.02807556646517e+00
  -3.63559975204803e+00
   1.59086359975813e+00
   4.22937038522059e-01
   3.20551677087556e+00
   3.35343481778832e+00
  -1.18506136026358e+00
   4.31463516389626e+00
   3.71977738386263e+00
   6.27695650966475e+00
   7.75841382230205e+00
   2.88211235659323e+00
   4.83956454543795e-01
   8.34906886206362e-01
   1.36251634239047e+00
  -5.80062085495093e-01
  -1.77914545298959e+00
  -8.81239157539176e-01
   1.11645236715639e-01
  -1.51538233965753e+00
  -8.18792336393477e-02
  -1.88347867486150e+00
  -1.67240484250588e+00
   7.91786467343763e-01
   7.29041524484637e-01
   1.04959637170531e-01
   2.01382980705739e-01
   4.08314594790362e-01
   9.99865024717700e-01
   5.93529979897780e+00
   6.45463973803057e+00
   3.82114688925926e+00
   2.90233821284087e+00
   7.63476177452926e+00
   3.77620871131617e+00
   5.30544619163597e+00
   5.23104082645673e+00
   7.73963309867272e+00
   4.95415830400375e+00
   7.45072469309903e+00
  -2.14593476358900e+00
   6.32896523882799e-01
   9.93581934573280e-02
   2.31302365563729e+00
  -1.81823938089278e+00
   6.75840769179693e-01
   1.16657525924906e+00
   9.18014487670143e-01
  -1.44030231611064e+00
   1.03178177180461e-01
  -2.84179754004194e+00
  -7.61293670374563e-01
   1.38505593778827e+00
   1.35164929705038e+00
   7.78835097008732e-01
  -1.11407945651400e-01
  -1.28245898310806e+00
   5.94813638555842e-01
   3.92521358817612e-01
  -3.87248226306097e+00
   9.26648664313370e-01
  -8.86272034099739e-01
  -3.01736668483259e+00
  -1.60356696542644e+00
  -1.22782605175312e+00
   5.74284864219354e-03
  -2.29627206499437e-01
   4.89997117572464e-01
   2.01895462854022e+00
   3.08105335340647e+00
   3.02405078162260e+00
  -1.47863275985023e+00
   3.49461182353766e+00
   5.32595237835189e+00
   3.76927389432208e+00
   2.58931571116513e+00
   1.90564676402951e+00
   1.79725679541493e+00
   1.26562190409336e+00
   4.53281130758249e-01
  -2.12487561704243e+00
  -2.36952512689036e+00
  -4.73530359913503e-01
   3.10631107993594e-01
  -8.22784297656973e-01
  -5.97684044096332e-01
   2.03958792010135e+00
   2.04871841262720e+00
  -1.64996436026272e+00
  -2.41243682133004e+00
   9.08834094139500e-01
   2.26222980303023e+00
  -3.70171123537407e+00
   3.27111761753454e+00
   3.65302363270271e+00
   5.27673755907531e+00
   5.85967280458512e+00
  -1.01880437453642e+00
   2.77298792200613e+00
  -3.69647535661702e+00
   3.74941635225982e+00
   1.38116870492026e+00
   4.52738336092184e+00
   3.23464704128718e-01
  -1.27605853019381e+00
  -1.21406337089034e+00
   9.27977346945221e-02
   1.91962103564051e+00
  -2.64916923111318e+00
  -1.39716669292816e+00
   6.04062525737526e-01
   1.17865097499497e-01
   1.97468782787123e+00
   2.69728674786634e+00
   3.05655203605979e+00
   3.92052152055975e-01
   3.42169883408328e+00
   9.04731834368384e-01
   4.54613333551028e+00
   3.50468692308291e+00
   3.46509398280173e+00
  -9.52347904853787e-01
   1.86247743253957e+00
   3.10824818914639e+00
   1.06174552418374e+00
  -5.95147820227027e-03
  -1.80249891342405e+00
   2.20188402918802e-01
  -9.15068909045295e-01
  -3.83473675555570e-01
   3.66879102367934e+00
   2.61354283950504e-01
   2.87994323861447e-01
   6.75984606632837e+00
   2.73800573321537e+00
   3.34378926503828e+00
   2.05171222531057e+00
   6.74491145333967e-01
   2.76577393114530e-01
  -1.47066789505479e+00
   6.76625555513751e+00
   8.31587087947490e-01
  -1.76144954579181e+00
   8.79159838006203e-02
  -6.26294935791840e-01
  -2.64596623854096e-01
   2.83104536125497e+00
  -2.25544193396386e+00
   1.18829392336797e+00
   1.15904772351782e+00
   4.66587494216719e-01
  -6.46548938269781e-01
   1.18890325344059e+00
   3.21072523344490e-01
   2.90874678062345e-01
   3.32951135852589e-01
   8.97187418228121e-01
   1.06689264306683e+00
  -4.56758851059796e-01
  -3.28975451110502e-01
  -3.17077367317644e-01
   2.57696812124003e-01
  -1.33429088464332e+00
   6.93838536309599e-02
   1.48653870074408e+00
   7.30331203714272e-02
  -6.94083490641198e-01
  -1.35398913106960e+00
   8.29589362055062e+00
   3.32334908292204e-01
   5.64265334850179e+00
   7.85267870662951e+00
   1.16377434510209e+00
   4.91996886155325e+00
  -1.80010150757412e+00
  -1.77670690505224e+00
  -1.65318760868136e+00
   4.89707141981298e+00
   4.82637091892652e+00
  -2.14508292808373e+00
   1.00406913187194e+00
  -2.88423314502948e+00
   1.19723744066336e+00
   4.14637606204131e-01
   8.24657177184454e+00
   6.93750599740556e+00
   7.24487335477752e+00
   7.74863000701875e+00
   7.72020639479037e+00
   5.04027815533359e+00
   5.55450229753742e+00
   5.31456445408426e+00
  -6.80485892776552e-01
   4.33564400560558e+00
   4.82147731495424e+00
   4.05610467162287e+00
   4.57897124796605e+00
   9.16392076053912e+00
   7.95603816014695e+00
   5.65323906415565e+00
   5.78245767958824e+00
   5.79491102323677e+00
   5.94829501104063e+00
   4.48450725180660e+00
   8.44267924651231e+00
   7.62517264359476e+00
   8.24225367610634e+00
   7.76037499696067e+00
   4.61843140014016e+00
   4.32216763062220e+00
