   2.73306649424191e-01
   5.40341976593842e-01
   6.63087057043773e-01
  -2.77251189055827e-01
   1.47764479990146e+00
  -7.45780890661630e-01
  -4.40044404244512e-01
  -1.76429236056411e+00
  -9.01385250654679e-01
  -1.51042769055639e+00
  -6.07830569901674e-01
   1.00968885752027e+00
   6.08199974511441e-01
   8.15786799546364e-01
   1.12479342175756e+00
  -4.73955817153731e-01
   1.75752313638568e+00
   4.57120199415603e+00
  -5.85826134771433e+00
   6.92061622616474e+00
  -1.01452073372875e+00
  -9.52307606499383e-01
   6.80813159164918e+00
  -2.37451735671002e+00
  -7.91117087375463e-01
  -3.05421443132273e+00
  -1.23009605225125e+00
  -2.22219955988985e+00
   7.83970334911409e+00
   6.88672257812359e+00
   1.13042610774609e+00
   1.30039735203715e-01
   4.76382392859468e+00
   1.90737352491251e+00
   1.21440846360874e+00
   1.79749486777782e+00
   5.04064237949384e-01
   5.04918949415147e-01
  -3.34505946217726e-01
   4.07125153949343e-01
   1.39260291466050e-01
  -1.28647940502706e+00
   9.40839604949328e-02
   6.30271839822305e-01
   1.57873133492776e+00
  -4.93026428720080e-01
  -2.31740267828682e+00
   2.07277749631466e+00
  -4.17237590909830e-01
   2.24653744716667e-01
   2.21160501074698e-01
  -1.92797200074532e-01
  -2.44809251573552e+00
   2.49789903472807e-01
   3.16044173375664e-01
  -1.42665491536864e+00
   7.38396618762316e-03
   7.90269340890486e-02
   1.91950301772883e-01
  -7.02745246258567e-01
  -2.21777089102583e-01
  -9.19836282515101e-01
  -1.08298590493232e+00
  -1.47856764424851e+00
  -2.42224072120880e+00
  -1.84759510238346e+00
  -6.63602039171204e-01
  -1.35694397741336e+00
  -1.19034577946932e+00
  -8.79221556006636e-01
  -7.41514640929021e-01
  -8.18879479326464e-01
  -3.40358661199938e-01
   4.17164224239420e-01
   1.19267250685461e+00
   1.51136599753808e+00
  -7.13829213206376e-01
   4.06241448467332e-01
  -5.83539646284047e-01
   1.72872603504438e+00
   2.83849212323181e-01
   1.20019518209064e+00
   4.26175671941015e-01
   1.27820517662749e+00
   8.23424204776497e-02
   2.87814749361441e+00
   1.25965482053598e+00
   3.92787851946164e-02
   1.16363891390753e-01
   1.18011713084470e+00
   1.77356865318634e+00
   2.93472226195481e+00
  -8.75116826589514e-01
   1.69969952916053e+00
   1.18035184186189e-01
   1.87652118462701e+00
   1.49841219115151e+00
   1.90195259537122e+00
  -8.63646648584657e-01
   1.20706003523937e+00
   1.43046453811202e+00
  -4.21572751620809e-01
   7.27416372596021e-02
   5.09031946893989e-01
   1.17387556541322e-01
   1.22939478465141e+00
  -2.51580792513417e-01
   2.55979354691717e+00
   4.05981266968356e+00
   3.39780785743860e+00
  -2.34914361646643e+00
   5.41238435935465e+00
   4.40118325366202e+00
   4.65896280799770e+00
   4.73761031060930e+00
   5.23049654156912e+00
   4.30641445740857e+00
   9.52180066159960e-01
   3.82162719106636e+00
   6.76392694017883e-01
  -1.56238829367849e+00
   4.54140391782309e-01
   1.85321267416875e+00
  -1.43087601457192e+00
  -4.10208271907923e+00
   5.83748588303697e+00
  -3.50444241347723e+00
   4.10773743061181e+00
   4.99706136753720e+00
  -3.93348489719395e-01
   5.67111324099769e+00
  -3.06011077349977e+00
  -1.04888910629925e+00
   6.01698969205736e+00
   4.55353926838543e+00
   2.11044964418979e+00
   4.51786930282323e+00
   5.35054607161182e+00
   2.44403647414892e+00
   2.82296617589363e+00
   3.32661508283254e+00
   3.45781859455146e+00
   2.73095442983449e+00
   1.48770501347589e+00
   2.96340717000694e+00
   2.59502457829821e+00
   1.81514896256285e+00
  -8.20398108931872e-02
   2.01088523875475e-01
  -4.35712045372023e-01
  -6.31838822563262e-01
  -1.14705561271567e+00
  -1.14436952794913e+00
   1.62946055337706e+00
  -2.97618606753170e-01
   1.22615351056444e-01
   7.20455072521323e-01
   1.58263923499307e+00
   1.95885175856708e-01
   1.20490486273174e+00
   1.64027069810472e+00
   9.66530074852377e-01
  -2.19789577372431e+00
   1.32363670632403e+00
   1.19782732838703e+00
  -1.02877096137272e+00
  -2.11603141142044e-01
  -5.64259907646923e-01
  -7.69008371067324e-01
   4.92649206161692e-01
  -1.31251375401880e+00
   2.92381315224153e-01
   6.72984197451475e-01
  -9.11234877015525e-01
  -5.98564036263818e-01
  -1.49320516820772e+00
  -2.44091979849655e+00
  -9.71677496382293e-01
  -1.71731980610694e+00
  -1.48141617690144e+00
  -1.38408999847580e+00
  -1.15623351562736e+00
  -6.57914911228184e-01
  -1.53322979275490e+00
  -7.66241984324191e-01
   4.92694979128279e-01
   1.59816632735546e+00
  -2.65623209290661e+00
  -2.54934059654406e+00
   2.01915496175515e+00
   1.26177543272970e+00
   1.34086945866729e+00
  -4.15961447495286e-01
  -5.62987284555314e-01
   6.52582759067988e-01
  -4.62981976848463e-01
   5.18866736072047e-01
   1.20628123446422e+00
   2.79517796430755e+00
   2.50156241943293e-01
   3.20282657815730e-01
   6.77697040534801e-01
   3.33655212640715e+00
   3.96722529466060e+00
   1.25482836411574e+00
   4.92956754272872e+00
  -2.90887914556024e+00
   2.25427872766104e+00
   3.14288499345220e+00
   5.01864783078090e+00
   4.73279985720543e-01
   5.74105171721330e+00
   7.40226897037607e-01
  -3.11029571198199e-01
   2.28849156806424e-01
   8.35511935726608e+00
   7.09235565714007e+00
   1.31474760766102e-01
  -9.07950546325137e+00
  -2.11959368868211e+00
   8.78811513501969e+00
   1.33865439729325e+00
  -1.25021928834579e-01
  -4.74385009309172e+00
   8.90234455824972e-01
   5.55694157741888e-01
  -1.75677168644379e+00
   1.59254407095468e+00
   8.90149190994086e-01
   7.60769500385449e+00
   1.79347672325766e+00
   7.11407458694011e+00
   2.82663579207692e+00
   2.61602098284347e+00
  -1.75515541883764e-01
   4.53800606650147e+00
   4.62170555268076e+00
   4.34120553926313e+00
  -1.07526031894177e+00
  -1.72999875311016e+00
   3.96644769003014e+00
   2.80666994214370e+00
  -1.05415795207919e+00
   1.15613373146006e+00
   1.41629748519644e+00
   1.12728209133765e+00
   1.41466049735427e+00
   1.51863820461037e-01
   6.11308549726706e-01
   9.85383370048472e-01
   8.22887695111964e-01
   2.20025880439058e-01
   5.90156384775943e-01
  -1.24398324091235e+00
   3.61143342356078e-01
   3.17767644127704e-01
  -1.15687090727588e+00
  -1.58357734525092e-01
   4.14022724009916e-01
  -3.31061053656468e+00
   1.45899858188747e-01
  -1.04560450092104e+00
   2.95879298018368e-01
  -1.67812385711480e-01
   9.57744390454897e-01
  -5.24423191677309e-01
   2.67137746460682e-01
  -8.14285071567250e-01
  -1.44113040695502e+00
  -1.29020155481121e+00
  -1.68186148151163e+00
  -2.01395666359768e+00
  -2.32264766161152e+00
  -1.62375481152922e+00
  -1.28630985664186e+00
   9.64185300764617e-01
  -1.40598291959905e+00
  -6.12708244985336e-01
   6.94127054998168e-01
  -9.35708665355927e-01
  -6.58333932601275e-01
   1.34631274846779e+00
  -3.41384845687626e+00
  -1.17995794124548e-01
   3.43680985202260e-01
  -4.40537212863640e-01
  -6.93416744178288e-01
  -5.16313440035995e-01
  -2.62558339502957e+00
  -7.64203023749909e-01
  -2.25829297030814e+00
  -1.95706390413816e+00
  -5.72477699471714e-01
  -9.23721548757934e-01
  -6.59761677414830e-01
  -4.97489385167322e-01
  -6.36031023241779e-01
   9.73600564506309e-02
  -1.35335093058584e+00
   9.22883213579913e-01
   1.51942404446563e+00
  -7.07919796958416e-01
  -6.84004173223034e-02
   3.81015654157087e-01
   1.10755748908868e+00
   3.68389040250749e+00
   4.08963673468624e+00
   4.94618388262224e+00
   3.77140477053981e+00
   5.76579163496117e+00
   3.00101864559419e+00
   1.46230877920279e+00
   8.20431129180215e+00
   5.73525343489925e-01
   8.91332803216428e+00
   6.48797090805274e+00
   6.60171840115108e+00
   6.74707222097677e+00
   7.68045294329149e+00
   7.16528734934345e+00
   3.19261645799852e+00
   7.39410306979513e-01
   4.89164102449867e+00
   3.35365021634422e-01
   6.82597001711328e+00
   1.65019757550217e+00
   4.09179688128224e+00
  -1.08042937725807e-01
  -1.58830211546374e+00
   1.41658987547216e+00
   1.24304929932659e+00
   2.71687267945290e+00
  -3.34697335711608e+00
   1.00185259792524e+00
   1.29740557504592e+00
   1.77992296686479e+00
   2.31276071775519e+00
   3.55570120941954e-01
   2.63928286916361e+00
   5.16002654585681e+00
   7.02936923764846e+00
  -5.17821563928065e+00
   4.55571706219270e+00
   5.74111688325720e+00
   3.82922437885772e+00
   8.12440438494231e+00
   4.10574826140182e+00
   4.68430177359002e-01
   3.16075419636709e+00
   5.75078797624464e+00
  -1.42344807104203e-01
   3.22091062631207e+00
   2.28166619696767e+00
   4.29283227585838e+00
   9.54310171017275e-01
   9.38377285723979e-01
   1.86045330192555e+00
   1.63470564906983e+00
  -1.15093703403600e+00
   1.06425224370505e+00
   1.14128608643241e+00
   1.05974864959844e+00
  -1.57838983443671e+00
   1.26144143031197e+00
   6.67817862298213e-01
   1.01343838748468e-01
   2.22175121508680e+00
   9.83166423495637e-01
  -2.41183188708968e-01
   9.07892320259602e-02
   1.45315782530266e-01
  -1.00126938357116e+00
  -2.64924188229637e-01
   3.27414698818975e+00
  -2.92903402771666e-01
   3.81491681991426e-01
   8.68769458354469e-01
  -8.64130961910272e-01
  -6.08494875840373e-01
  -1.65709099052586e-01
  -1.68821919062121e+00
  -1.43838794259919e+00
  -1.80556045805825e+00
  -9.97082177340511e-01
  -2.38127519700684e+00
  -2.28150321570284e+00
  -2.19239710184829e+00
   9.15787372772652e-02
  -1.79584737150035e+00
   6.89921056620184e-01
  -2.06105507382072e+00
   7.71939572857624e-01
  -1.75111599210195e+00
   2.35358221076640e+00
   1.18878595842070e+00
   8.16217049139956e-01
   3.08444056612588e+00
   2.54569992497945e+00
   8.32782580777316e-02
   1.15339367509787e+00
   3.21473083786841e+00
   7.31455192197606e-01
   9.23498933030166e-01
   1.42342141684585e+00
   1.71088743805139e+00
   1.36721850485301e+00
   3.31220675973090e+00
  -1.60025505402846e+00
   1.55169312412581e+00
   1.88602598824709e+00
   2.24313541113533e+00
   5.73805255543029e+00
  -5.67743265686298e-01
   2.26957130560001e-01
   6.84509384861248e+00
   6.68665297714451e+00
   5.30483628118779e-01
   6.26774200124546e+00
  -2.03667229309631e+00
   8.18278996891913e+00
   2.10252361460461e+00
   3.91365113206793e+00
   1.91051364402246e+00
   7.79189168590201e+00
   2.97571600097435e+00
   2.97847360015421e+00
   1.07144607917993e+01
   2.84645945150751e+00
  -1.70633454616658e-01
  -5.86984002226800e+00
   4.79012116242156e+00
   1.20518088065195e+01
  -5.85630171586090e+00
   6.96058511026913e+00
   2.43154280870603e+00
   2.57882727902088e+00
   7.56006075129826e+00
   1.58985572375186e+00
   3.80315107575588e+00
   3.76306019853834e-01
   1.00801778593272e+01
   4.05534107901567e+00
   2.57484634174616e+00
   4.08616173327934e-01
   1.73353878876096e+00
   4.37086489243844e-01
   6.87275857536988e+00
   3.50605190682327e+00
   5.59186544443528e+00
   2.18941617682267e+00
   1.65867580120120e+00
   3.53609346804060e+00
   3.84631651922736e+00
   3.45658605644021e+00
   2.96413006624734e+00
  -1.36909483570580e+00
   7.86800359104713e-02
   1.19499997996208e+00
  -2.01932930014355e+00
   1.22127159160336e+00
   3.16659121890913e-01
   2.84841023780213e-02
   1.19741573610226e+00
  -1.94474804155655e-01
  -7.01537833088910e-02
  -1.11778040120371e+00
   9.86510248550436e-01
  -5.70575473552347e-01
   1.73331837600144e+00
   3.24470445165698e+00
   1.58811591950270e+00
  -1.25949072061449e+00
   1.44347313679318e+00
   4.53490484629034e-01
  -4.79918685103806e-01
  -1.88632122059480e+00
  -1.78212564815986e+00
  -1.12944689781362e+00
  -1.34551089151373e+00
  -1.33643928745736e-01
  -1.13448205103973e+00
  -2.21376469493735e+00
  -9.76729272616106e-01
  -2.59595025387407e+00
  -1.71280298101702e+00
  -1.70845005873762e+00
  -9.20938131793813e-01
   2.19252672878971e-01
  -1.05491402851440e+00
  -6.00898983626426e-02
  -2.54402465160511e+00
  -3.69019137132873e+00
  -3.48596136671277e+00
  -1.66221068948708e+00
  -3.02703165570584e+00
   1.19855398647948e-01
   2.16234561127148e+00
  -2.09604156995611e+00
  -7.78324241858721e-01
  -2.92346061189583e+00
   3.54608250917769e-01
   2.34225636787905e+00
   1.40193314930015e+00
  -1.98685521646312e+00
   1.59418897319246e+00
   1.87064990060153e+00
   1.08629189952662e+00
   1.22324725936541e+00
   3.89766945975898e+00
   5.05661155840644e+00
   1.69509736491309e+00
   5.14645880464049e+00
  -3.01405381199184e+00
   2.96633599500089e-01
   6.60043815514145e+00
   5.88132177223578e+00
   1.37514468886947e+00
   2.24973991252588e-01
   6.46960035644403e-01
   8.49671199125387e+00
   7.80494820327785e+00
   6.44673998080670e+00
   2.97866526625457e+00
   5.74489062488228e+00
   2.90116398802220e+00
   9.46368284941254e+00
  -4.99572414775103e+00
   3.60177047882225e+00
   1.41926116385038e+00
   2.52644995480968e+00
   9.83436176557497e+00
   2.34322697880034e+00
   7.21734154912192e+00
   1.12365183671067e+01
   1.01965983772992e+01
   1.97507147879550e+00
   1.12524516883690e+01
   8.05007203107870e+00
   2.35116408394187e+00
   3.96694070064895e+00
   2.52217965738455e+00
  -2.83451732869490e+00
   4.52606061540555e+00
   1.10285768010048e+01
   1.07423124144265e+01
  -4.14814956878727e+00
   5.31858018376388e+00
   8.41250543052771e-01
   5.08655451727591e+00
   5.54046681778654e+00
   9.31347296080584e+00
   9.09482446964775e+00
  -7.41416389117697e-01
   6.11012402354608e+00
   6.91201303408340e-01
   4.12408298888655e-01
   3.65490972658696e-01
   2.20433095411081e+00
   5.04867939007815e-01
   7.15138374353355e+00
   6.83721033772271e+00
   1.97109545222920e+00
  -2.91623552402016e+00
  -1.04102191072216e+00
   1.27243766266056e+00
  -5.55856194469564e-01
   1.47670099696497e+00
   7.26376090714800e-01
  -2.05063700722949e+00
   1.09921606899970e+00
   2.47798168243152e+00
   1.81258783453850e+00
   1.18227545183745e+00
   1.11624897016408e+00
   1.29139703431010e+00
   1.44180985662748e-01
  -5.84420419087659e-01
  -3.99344137930351e-01
   2.32424158230421e-01
   1.53311193284386e-01
   2.95781468610036e-01
  -2.67435275051506e-01
   1.37116967716556e+00
  -4.55447373703104e-01
   2.90404435565269e+00
  -1.32109861758600e+00
  -2.60417110312992e+00
  -1.11505075690693e+00
  -3.51892075309346e-01
  -1.45643395569241e+00
   1.73767802841521e+00
  -1.80279999509603e+00
  -1.61396982652023e+00
  -1.71522326900195e+00
  -1.84263959076455e-01
  -3.06789704357110e-01
   8.34145451969922e-01
  -2.01556646705158e+00
  -3.98202493773042e+00
   8.74645905155736e-01
  -9.57050268336028e-01
  -4.74558259067274e-01
   3.31335787153844e-02
  -2.09574827825836e+00
  -1.51139194712651e+00
  -2.00806618820352e+00
  -2.22847609348358e-01
   5.85402118083399e-01
  -1.74291858669003e+00
   5.47435094690307e-03
  -1.78066296187772e+00
   7.79726600663158e-01
   2.45419700996026e+00
   2.93136970842530e-01
  -1.07332633690440e+00
  -7.67522516813219e-02
  -1.95732092999245e-01
   1.79040870186181e+00
   9.67123710014127e-01
  -5.79999610332411e-02
   1.39792037117692e-01
   3.05015253427333e-01
   9.22372549690769e-01
   6.46337544760533e-01
   2.67434818712845e+00
  -4.24058978439101e-01
   2.38582237750270e+00
   2.52092399310586e+00
   3.38738467109797e+00
   1.63127644369469e+00
   4.42765821506454e+00
   3.07104109467618e+00
  -6.01122735630819e-01
   8.49725433951098e+00
   8.36329215654350e+00
   3.34215033591899e+00
   1.83821998334715e+00
   1.47894257808948e+00
   1.41350611338694e+00
   3.83114063001030e+00
   4.93732899320130e+00
   7.92720765163394e+00
   1.08653391714091e+01
   3.00270497280999e+00
  -3.15976300780731e+00
   3.85531810796910e+00
   9.29975123246313e+00
   1.17726135042280e+01
   4.34064198471005e+00
   4.77498173730910e+00
   3.48920653065070e+00
   2.45128506390156e+00
   1.09002387607201e+01
   9.63013229924890e+00
   9.10577089504240e+00
   2.40084439708371e+00
   4.53936766124243e+00
   1.10669880219788e+01
   2.14825223871994e+00
   6.33564283958858e+00
   7.04298926290212e+00
   8.29210352117243e+00
  -2.22053735704922e+00
   4.68869256584857e+00
  -4.73390752517808e+00
   4.53973385377357e+00
   1.50540656125522e+00
   4.20802976263436e-01
   7.33692539592757e+00
   7.21928069172590e+00
   6.87641542547899e+00
   6.98603756599313e+00
   6.23268644737927e+00
   4.54782556815550e-01
   3.75004826831482e+00
  -1.09524098212078e+00
   1.22306419239921e+00
   8.57314989028932e-02
   1.06772980237056e+00
   2.33169671719624e+00
   2.46061848075842e+00
  -1.12165436072278e-02
  -2.35185574205898e+00
   2.00786923474552e+00
   8.04629766311304e-02
   4.73045779233322e-01
   1.75673216460964e+00
  -1.05798076944448e+00
   2.94707284556934e+00
   2.74838397258590e+00
   1.75837934537721e+00
   2.58780836482165e+00
   3.43564033254003e-01
   2.68953113536863e+00
  -1.28456521949014e-01
   2.14304880158706e+00
   2.37767004267643e+00
  -2.70086397805026e+00
  -2.60477553722886e+00
  -1.48721308854292e+00
  -1.49217528945210e+00
  -9.70942247469432e-01
  -1.58520785018423e+00
  -1.50093868011491e+00
  -1.55968467150709e-01
   2.14385544120338e-01
  -1.47771015377826e+00
   7.87126521169190e-01
   1.16819529205750e+00
  -4.03949554085430e+00
  -2.60175949577937e-01
   1.07475280505829e-01
   5.17795938419473e-01
   2.25798283307940e+00
   3.19009189080495e-01
  -1.59535219423797e+00
   4.09776906718795e-01
   1.07681553147264e-01
   1.02427358568766e+00
  -6.06058013695113e-01
   1.42562138509529e+00
  -1.84773478594216e+00
  -1.34606420677265e+00
   2.64538117607971e+00
   1.22742536391379e+00
  -2.48372331103415e-02
  -2.16356782244507e-02
   4.91042437629530e+00
   2.55131425546224e+00
   1.20088528009582e+00
   1.62363062581371e+00
   2.12025171764926e+00
   5.31528682738862e+00
   8.58959097777679e+00
   1.42239025458584e+00
   3.17652086480299e-01
   9.54207488168995e+00
   7.18198380024059e+00
  -7.96257157905857e+00
   6.38829757573912e+00
   1.43181825891897e+00
   6.79616200666387e+00
   6.55280463326326e+00
   9.52342263814025e+00
   4.34714423413006e+00
  -5.73670298805187e-02
   6.47682996439689e+00
   1.04299517423991e+01
   1.10858023568366e+01
   8.73938052300800e+00
  -4.39534579569463e+00
   5.96897358574497e+00
   1.66570171380535e+00
   6.28894460243227e+00
   9.17008103012849e+00
   2.38755100154540e+00
   3.56568593124157e+00
   9.78184767043822e+00
   6.84995719237431e+00
  -1.87725446050954e+00
   6.85219996235209e+00
   2.73529501628254e+00
   3.23389959275609e+00
  -2.65404085473714e-01
  -1.10103795880205e+00
  -1.74961268624302e+00
   1.04980759371883e+00
   6.06051317720757e+00
   7.69805897400911e+00
   2.24424224601480e+00
   8.02695607092246e+00
   4.42701927360431e+00
   3.26783495962936e+00
  -2.15420924335016e-01
   6.78052754046566e+00
   1.74341284368292e+00
   3.28781970334366e+00
   1.76075782781881e+00
   2.40615234131874e+00
   5.48704299935925e+00
   1.14216739742678e+00
   8.13152046180582e-01
  -9.81597224569308e-01
   7.34921032233066e-01
   2.10145403118204e+00
  -1.27532813115122e+00
   9.20685899747147e-01
  -2.68236520613082e+00
  -2.86116814630859e+00
  -2.65799239469980e+00
   2.65418881444147e+00
   9.17421255229751e-02
  -1.96294606457159e+00
   1.87229017655809e+00
  -1.22869246166923e-01
  -3.05465735870949e+00
   2.01627905494060e+00
   1.72013800119966e+00
   1.41254778551135e-01
  -7.04065093817556e-01
  -1.24624859250256e-01
  -1.81421358912494e+00
   5.53356809366411e-01
  -8.30486354852249e-01
   7.76365926743344e-01
   2.25038733465899e+00
   5.78237963199532e-01
   1.63363303695259e+00
  -2.81613685109969e+00
   4.74083043979951e-01
   7.15655402123408e-01
   2.21690584327368e-01
   6.97262256562132e-01
  -2.83772993147668e+00
   4.05135126392812e-01
  -6.94815516548809e-01
  -1.58854905929784e+00
   5.08629744218885e-01
   1.05867532920037e+00
  -1.54632297570934e+00
   7.86312654532045e-01
   3.46843723940216e-01
   6.25313920410863e+00
   2.58697565351573e-01
  -2.63920257567046e-01
   2.53254213778418e+00
   5.99520913126289e+00
   1.78883209259165e+00
   8.26785277645685e+00
  -6.46903737173998e+00
   3.03852671336553e+00
   1.39169134761086e+00
   2.12859034221164e+00
   7.41997394356658e+00
   9.60445674448638e+00
  -9.19102896709413e-01
   9.94308527102239e+00
   3.77536063952757e+00
  -6.55672441831516e-02
   2.36830323815811e+00
   1.00353966125616e+01
   9.97797036179818e+00
   9.73849065751656e+00
   6.89161602685944e+00
   2.17047081379078e+00
   6.61770736258713e+00
  -2.22133717113921e+00
   2.39792790800802e+00
   1.05734863696252e+00
  -2.66601968355284e-01
   7.42860273271017e+00
   3.23452285050498e+00
   1.36029676093076e+00
   7.53788308268249e+00
   1.14718554790524e+00
   7.50660625067066e+00
   4.51557129300490e+00
  -1.41636270551865e-01
   6.69442662289602e+00
   3.99680022004067e+00
   1.95256803048292e-02
   6.56696491976978e-01
   3.09594853863782e+00
  -1.64393162471570e+00
   3.02935634315818e+00
  -1.65501539923262e+00
   5.40182683565396e-01
   2.18586156327310e+00
  -1.36350199444317e-01
   1.44454034574610e+00
  -1.04959737763293e+00
   1.75887535360325e+00
   1.87802005610992e+00
  -5.44068855596018e-01
  -1.71885775690189e+00
  -2.68025856524455e+00
   2.64383010668498e+00
   1.75484963645831e+00
  -1.08776035372703e+00
   4.93574497198974e-02
  -1.56200451133996e+00
   3.86338426050676e-01
  -1.08697694501516e+00
  -1.28789597560749e+00
  -7.01294555820462e-01
  -2.91158540480556e+00
  -1.57181034258847e+00
  -7.17297126543238e-01
   3.51937277841349e-01
   3.20839560097189e-01
   9.17552722905745e-01
   1.39946019909202e+00
   2.59575413152922e-01
  -2.71673551433705e+00
  -2.68127112945386e+00
   2.31484792997562e+00
  -9.86535573035875e-01
   3.16260284519685e+00
   7.16394808132824e-01
  -2.49341022059165e-01
   4.97469381820306e-02
  -2.09218792548618e+00
   7.45473058252482e+00
   3.82185128357232e+00
   7.84394020337222e+00
   1.10456217214905e+00
   7.89912055126151e+00
   1.25262912005419e+00
   8.81617903450566e-01
   7.77475022466242e+00
   7.28611892640165e+00
   7.14653411606505e+00
  -3.06200670756298e+00
   5.78186431658960e+00
   4.82713303032815e+00
   9.44928307564932e+00
   9.52861537293429e+00
   1.00059778415938e+01
   7.29837886829173e+00
   9.93916050456973e+00
   6.76543399651782e+00
   8.64753863600290e+00
   2.90994360037020e+00
   7.10632306012521e+00
  -3.11881985779528e+00
   9.67916821027975e+00
   2.39155841072661e+00
   6.67309122400402e+00
   7.22031522509805e+00
   7.25494070251025e+00
   2.30177119965938e+00
   7.01639014665434e+00
  -1.13175299846317e+00
  -5.90833165344666e+00
   5.26004865446921e+00
   7.70046504292477e+00
   4.49406166392636e+00
   5.06801216858857e+00
  -4.08933397169003e+00
   6.87191458572121e-01
  -8.78508257038996e-01
  -1.93689513829541e+00
  -7.89736729175823e-01
  -1.28755370040435e+00
   3.67898991062011e+00
   6.38958864201358e+00
   9.68801950406455e-02
   9.13429249115685e-01
   1.82397352811128e-01
   2.63317773542203e+00
   1.19368083763256e+00
   1.55299222370595e+00
   3.10513314788656e-01
   1.61117978200072e+00
  -3.52733014392161e+00
   4.02701791851902e-01
  -2.92691054625048e+00
   1.13834235650974e+00
   2.24523172747594e+00
   8.82956302337695e-01
  -4.18457276398895e+00
  -7.97295930903241e-01
  -1.60449255859576e+00
  -1.31870751630559e+00
  -1.83124425840615e+00
  -1.11434885382924e+00
   7.13681455191636e+00
  -1.75793682623689e+00
  -8.13358114539009e-01
  -1.45327425084961e+00
  -1.45602925412991e+00
  -7.38250622612989e-01
   4.45434633596928e-02
  -3.68532532830253e-01
  -8.36553761831604e-01
  -1.98049251965680e-01
   5.47806387548368e-01
   2.58867373791324e-01
  -3.74125784753742e+00
   2.74690225645278e-01
  -1.49503712844453e+00
   2.25250702074609e+00
   2.65185424114170e+00
  -6.26197595052904e-02
   6.71517818043318e-01
   6.78344819685114e-01
  -4.11054342630999e-01
  -2.97469529034388e+00
   7.35364422700874e-01
   6.30232685785264e-01
  -2.41119928914905e+00
  -2.28705183005023e+00
   2.16579977416531e+00
   8.48191188164853e-01
  -2.19235922041899e+00
   2.30950012757457e+00
   4.44697770143099e-01
  -1.05361345686979e+00
   1.17677113403621e-01
   1.76822645841584e+00
   2.79839798326034e-02
   5.92691099530745e-01
   3.09410085746455e-01
   9.84999681219412e-01
   7.34281848834504e-01
   1.07628824187522e+00
   4.03658571372395e-01
   6.16935103072498e-01
   3.10858497121805e-01
   4.47337229435467e-01
   1.80998288711086e-01
   3.69604861115240e+00
  -4.06853963847480e+00
   6.46479079524706e+00
   5.65416207377345e-01
  -6.19103466802117e+00
   7.36273347725179e-01
   5.22951985661839e+00
  -4.48261338121174e+00
  -2.80729926071636e+00
   4.46846348445742e+00
   1.68476255171660e-01
  -6.44383339903434e+00
   4.79336422693941e+00
   7.70651144257990e+00
   7.77035294829508e-01
  -6.43456794786838e-01
   7.16073223494586e+00
  -5.36581684189569e+00
   4.50949864553458e+00
   6.90157186308297e+00
   2.47887383796060e+00
   1.13886055870480e+00
   6.90685442679202e-01
   5.81855204660078e+00
   1.74055846360843e+00
   6.79937720805028e+00
   5.63444334077066e+00
   6.92126847813178e+00
   8.17013284784971e+00
   7.08674376589206e+00
   9.00578093763524e+00
   7.07533293182532e+00
   8.25202796491557e+00
   6.82417650368497e+00
   1.56894116943331e+00
   4.86356563024307e-01
   7.19479009832539e+00
   3.43928708857126e-01
   3.86277150523292e+00
   7.01780178685057e+00
   3.34948019073399e+00
  -5.24840767188474e-01
   9.20562926951006e+00
   3.09454144799238e+00
   6.77864049657219e+00
   7.73919750510449e+00
   1.44181872878507e+00
   6.84502429570184e+00
   6.75575194453213e+00
   5.12512471467962e+00
   5.42782825801932e+00
  -8.86330679640069e+00
  -2.41945791733051e+00
   4.64708084291251e+00
   6.65077641617463e+00
   7.80965329586379e+00
   8.40592530707360e-01
   4.83552245915725e+00
  -2.06616782658203e+00
   4.76909604711127e+00
   7.44619845958586e+00
  -2.08548616096417e-01
   4.38656605935775e+00
   3.71585516344239e+00
   4.72118006176421e-01
   6.51518058314323e+00
   2.07841611184810e-01
  -1.52000378409739e+00
   1.27777806045193e-01
   6.22550924027015e-01
   3.15401548185618e+00
   1.44397978591220e-01
   2.29620188796977e-01
  -9.82135664549819e-02
   5.69635434164772e-01
   1.63212599497492e+00
   1.41472657250594e-01
   2.03167565473395e+00
   2.67499297875835e-01
   1.08574955792064e+00
   1.28767209665366e+00
   6.97577078817082e-01
   1.29090324323569e+00
   3.18875413472048e-01
   3.13199860405771e-02
   1.62000301557818e+00
  -2.54457493316168e+00
   6.21004096456451e-01
  -3.18575907520975e-01
  -1.89370700714822e-02
  -2.88655931519370e+00
  -2.83311478954657e+00
   1.50044440670844e+00
  -9.53975788800202e-01
  -1.89128995391602e+00
  -7.02465542879148e-01
  -3.49426254507544e+00
   3.81444812426158e-01
  -1.16618125533260e+00
  -1.11409212112088e-01
  -2.11245969765205e+00
   7.79168570862927e-01
   2.15744869642910e-01
  -1.03481947061173e+00
   1.58027312873982e+00
   9.64713310129261e-01
   2.26922583164557e-01
  -9.11840983670666e-01
  -1.48307464923946e+00
  -3.95385941632052e-01
   8.07048315109020e-01
  -1.03821632699201e+00
  -1.25020969171929e+00
  -1.19666994832736e-01
   1.57981877603012e-01
  -1.15897969480248e+00
  -2.77276313569437e+00
  -1.23103552415669e+00
  -1.11993076158215e+00
  -2.08306347652488e+00
  -1.71589646890753e+00
  -1.72406046022852e+00
  -1.11524557020480e+00
   1.02672803809488e-01
  -8.73713817667161e-01
   8.07503341051383e-02
  -4.07359142726458e-01
  -1.30577367520309e+00
  -5.82745410502506e-01
  -1.68954137787169e+00
  -3.50969893954935e+00
   9.91722371553257e-01
  -1.79063113552420e+00
   1.45551693419420e+00
   1.12703081832969e+00
   1.58431023109951e+00
   1.16947628784455e+00
  -8.93441776925650e-01
   1.26725111353121e-02
   1.57874153984212e+00
   1.85143829094195e+00
  -2.90052280934342e+00
  -2.91809280493235e+00
   4.27609673929870e-01
  -2.36185504074420e+00
  -2.22427455041364e-01
   2.09263894414468e-01
   3.14423095090566e-01
  -3.82023374630629e-01
   3.11428967526259e-01
  -1.75463429094962e+00
   1.28963688945750e+00
   6.21202642736895e-01
  -1.11001997083768e+00
   4.41927634082637e-01
   1.07491054524180e+00
  -6.98445200555037e-01
   2.24139830670119e+00
  -3.39740382106905e-01
  -5.56790203997119e-01
   1.73340102138715e-01
   1.01309486610571e+00
   1.97930075330438e-01
  -6.27421287327346e-01
   2.08800402283886e+00
   1.44135460153156e+00
   1.51770908286741e-01
  -8.16608981063869e-02
  -1.63914764677068e-01
   1.19165186195950e+00
  -4.30055578294381e-01
   9.80697031474298e-01
   8.72104919111186e-01
   1.67189764360407e-01
  -8.38315400502873e-01
   1.54601051238748e-01
  -3.40979480678161e+00
   2.99893899458166e+00
   3.10255934979195e+00
   2.37564963803688e+00
   3.63295356989274e+00
  -1.54280172673007e+00
  -3.13094619878994e+00
   3.28293761058736e-01
   2.83873485957192e+00
  -3.57293580744281e+00
   1.07659417337108e+00
   3.78508996178786e-01
   6.39708318329573e-01
   1.24470463418580e-01
   3.49550531205604e+00
   8.81019582502992e-01
   7.76110808928385e-01
   4.49151865909280e+00
   6.27713010745028e+00
   5.92460618644818e+00
   5.61868500862456e+00
   6.35418250857892e+00
   8.17742926229712e+00
   8.21883838915473e+00
   1.19730405441932e+00
   5.78040598702264e+00
   5.78458899119723e+00
   3.50565803811511e-01
   4.25431095366909e-01
   1.56818812879592e+00
   1.41503480179417e+00
   7.85619704018736e+00
   7.82465495540818e+00
   6.85396645801975e+00
   7.20901245660425e+00
   6.16956149828129e+00
   6.51135138769168e+00
   5.74292516024288e+00
   5.17408363928407e+00
   3.77031134777226e+00
   5.02209374240683e+00
  -7.15026432780324e+00
   9.19233365462238e-01
   3.20515541389832e+00
   6.94905234885154e+00
   5.92242387530311e-01
  -6.29779400463449e+00
   3.82423614475410e+00
   3.98692909602138e-01
   5.34818157199330e-01
   1.56295157131714e-01
  -2.09926434628742e+00
  -1.33927104227642e+00
  -3.40720444100644e+00
  -1.58349828844858e+00
  -1.15869799504945e+00
   1.16709206627947e+00
   9.06986828021578e-01
   9.83706442796025e-01
   1.90724039129597e-01
   6.10243659710610e-01
   2.48814567320405e+00
   2.21870097421415e+00
  -4.71115457590745e-02
   1.17763337545275e+00
   6.97611473223693e-01
   7.17750241253631e-01
   1.16986754044082e+00
   2.74073391004972e-02
   1.01958536151996e+00
   4.50949315920658e-01
   7.31319197051013e-01
   4.83830242258042e-01
   3.03129747564887e-01
  -1.06458545099177e+00
   1.40884106106929e-01
   1.03008639111035e-02
   2.59255166278669e-01
   3.06442237483131e-01
  -1.92450258137306e+00
   6.35472859184480e-01
   5.12060415452103e-01
   4.65431969573180e-01
  -1.53670820644911e+00
  -3.34472332363621e+00
  -3.83117549863219e+00
  -6.53949688095148e-01
   7.87689525935454e-01
   5.09487800843450e-01
  -2.30858885758298e+00
  -1.30333059631662e+00
  -5.40192207353906e-01
  -1.53725593594104e+00
  -1.81844585467693e+00
  -1.19815721260066e+00
  -1.14362148755695e+00
  -6.31225373363442e-03
  -1.18155817052466e+00
  -1.13779917870293e+00
   3.62803774161327e-01
   6.92663031772460e-01
  -1.27162563501370e+00
  -4.35985504529035e+00
  -3.65236454152874e+00
   1.02540525970962e+00
  -3.00308601499692e+00
  -3.91317798734199e+00
   1.10716269082095e+00
  -2.20539944060565e+00
   7.04003395013748e-01
   4.12185407767899e-01
  -7.26831485104961e-01
  -1.00433747747830e+00
   1.77968027619445e+00
  -2.43362432426930e+00
  -5.03724552824318e-01
  -1.15676284810073e-01
  -1.42284750963663e+00
  -8.69399467278166e-01
  -6.80879644353448e-01
  -7.49100180341523e-01
  -1.44213704616923e+00
  -4.83082465088595e-01
   2.20087338016983e+00
   1.31012105592523e-01
  -8.03480395491173e-01
  -4.20885302978244e-01
  -6.98290479573220e-02
  -4.34758076888651e-01
  -5.30421942141041e-01
   1.79142782248655e+00
  -1.39543188232532e-01
   3.51090595796810e-01
   9.07680400445283e-02
   1.84122313755360e+00
  -1.01397640160267e+00
   6.17886679568434e-01
   5.65405808814798e-02
   1.43945315088276e+00
   8.29355180509443e-01
   1.99662552844383e+00
   2.16829692401588e+00
   2.00654377328501e+00
  -9.50915363510470e-01
   1.66376318810213e-01
  -9.79584347133462e-01
  -5.99658503044030e+00
  -7.95818808300155e+00
  -1.81101324278152e+00
  -2.51710916405532e-02
   3.03662744464779e-01
  -6.73632651477110e+00
  -1.60617723178948e+00
  -9.04754295010626e+00
   8.05080033343435e-01
   5.98979315703709e+00
   4.61749788981014e+00
   4.71120548157520e-01
   5.96158870396302e+00
   5.61997969664426e+00
   1.05597609071028e+00
  -3.08835023736138e+00
   1.17151652012708e+00
   5.98936249042199e+00
  -6.72057303537950e+00
   6.22489152753987e+00
   7.40505580818026e+00
   6.13709986323592e+00
   5.56072779049773e+00
   6.19996788666358e+00
   5.70857901411673e+00
   1.00939404748660e+00
   1.34362985536008e+00
   5.20779439681282e+00
   5.05879848394888e+00
   6.38233233634073e+00
   4.64403608598913e+00
  -2.73247866493566e+00
   5.72373781186015e+00
   4.34401414241838e+00
  -8.51998439571126e+00
   3.72654759309207e+00
   3.04380922635934e-01
   3.98658938717690e+00
   6.93067768020589e-01
   4.69670733064410e-01
   3.89320683043061e+00
   3.42903827885165e+00
   3.09294829018963e+00
   3.25783948153363e-01
  -3.25059884986477e+00
  -1.89911494788797e-01
  -2.14871345748416e+00
  -3.54053677063767e+00
  -7.67587536970135e-01
  -6.49188419431633e-01
  -5.81299733814925e-01
   1.43278706919536e+00
   1.24350025098410e+00
   1.36432440068292e+00
   1.71183134240342e-01
   1.57488879129177e+00
   1.83119382148052e+00
   3.00685128812253e-01
  -2.41740408008448e-01
   3.22618796162166e-01
   4.72130972353076e-01
  -9.11261686965739e-01
  -9.86339352317922e-01
  -1.00603928136898e+00
   7.38839035069727e-02
  -5.85375133649544e-01
  -1.55077546649827e+00
  -8.57140037224191e-03
   2.44398273065567e-02
  -6.31659146053247e-01
  -8.97971776963491e-02
  -9.02846770032378e-01
   6.10315869387156e-01
  -2.07652290563838e+00
  -9.87635774581896e-03
   1.80848205669954e+00
  -3.46640329426246e+00
  -3.22807489322404e+00
  -2.52536071675659e+00
  -1.25868149313156e+00
  -4.64385615910974e-02
  -6.58744797890543e-01
  -7.83662761340205e-01
  -1.58756116266759e+00
  -4.15355552813217e+00
  -2.72525210519783e-01
  -2.45893148586092e+00
   5.01999320942073e-02
  -6.05631086711222e-01
  -1.23474913978326e+00
  -1.82938173672060e+00
  -1.41512877705609e+00
  -2.11328083461204e+00
  -3.04952492157609e+00
  -5.02297933401318e-01
  -2.84366488096985e+00
  -1.19846722810471e+00
  -1.56672963025503e+00
  -5.64811360586285e-01
  -6.00255084396489e-01
  -2.99350212194313e+00
  -3.42880982863299e+00
   1.08694817819232e+00
   1.11565155023888e-01
   8.56340728108441e-01
  -2.56988192524168e+00
  -2.17809117596935e+00
  -1.05418955201422e+00
  -1.31211406070416e+00
   1.68705813989836e+00
  -2.59072589912288e-01
   1.29948587280832e+00
   4.90976513737584e-01
   7.87989557606092e-02
  -3.70901010573656e-01
  -7.45545917503510e-02
  -7.33183552797167e-01
  -2.64387694091605e-01
   9.31948610606375e-01
   9.12616817780323e-01
   7.21813382507568e-01
   1.16637256159847e+00
   6.04206195180629e-01
   1.38900976349705e+00
  -7.01219529154153e-01
   1.16532043171664e+00
   1.16210541542787e+00
   1.57555702691697e+00
   1.99165837130876e+00
  -4.18686619059972e+00
   1.68358395040595e+00
   2.29698300248983e+00
  -6.37515246053645e+00
  -8.71175502366535e-01
  -1.89440508104290e+00
   5.66945936467524e-01
  -9.06464439804004e+00
   3.05236657559580e+00
   6.32487990491008e+00
   4.35771327987222e+00
   5.37453555717129e+00
   1.18029805059304e+00
   1.53108969895529e+00
   7.29721198554252e+00
   1.07211500643316e+00
   7.53589121002041e+00
   7.41786128407275e+00
   6.86622941779333e+00
   5.90603488521756e+00
   1.43484823962571e+00
   6.26303663647738e-01
  -9.23028824054072e+00
  -1.08086804316605e+01
   2.39506864970408e+00
  -1.37388932979648e+00
   4.32406042658291e-01
  -4.18801794722240e+00
  -6.19136051400765e+00
  -6.99676987628303e-01
   1.11635417765264e+00
   5.11480183113596e-01
   8.79706361460162e-02
   6.25456910015961e-01
   4.06780696888196e-01
  -9.46644905594471e-02
   9.94632088796967e-01
  -8.48771183677494e-01
   1.02372018860514e+00
   1.21671198075946e+00
   4.30782632013139e-01
   1.51965109160428e+00
   4.44899116389385e-01
   4.86474123590048e-01
   4.65245967628467e-01
  -1.78791521399583e-01
   5.53245872169461e-01
   4.89003943579487e-02
  -6.47218038600480e-01
  -2.42264063783844e-01
   1.54223940556985e+00
  -1.79691910186066e+00
  -1.44226571107502e+00
  -1.19002594743015e+00
  -1.29478047854358e-01
  -3.01885752283907e+00
  -3.07210484640619e+00
  -2.55466190628213e+00
  -2.19297230844277e+00
  -3.19520991798854e+00
  -1.03536500451319e+00
  -3.65122623578154e+00
   2.09347727908968e-01
  -2.56971878470049e+00
  -4.40425271426339e+00
  -2.47801510400005e+00
  -2.41337125599112e+00
  -4.31906038066339e-01
  -1.61948490136420e+00
  -8.32078503960796e-01
  -1.07233115871086e+00
  -1.66937627200478e+00
  -1.55524279089841e+00
  -1.29451583652608e+00
  -2.06471326105712e+00
  -1.90020561231140e+00
  -9.07253499890070e-01
  -2.05148808035668e-01
  -1.00614462007489e+00
  -2.55217085114603e-01
  -2.62818506515814e+00
  -3.13771769311698e+00
  -1.93350415900259e+00
  -5.71229765086722e-01
   9.11869782766550e-01
  -9.01144440380998e-01
  -1.25414720803620e+00
  -4.63421143174495e-01
  -6.54679590657546e-01
   7.69836119128191e-01
  -1.08048377213945e+00
  -2.18252077556881e+00
  -8.54668820431110e-01
  -4.99638200251505e-01
   1.03621345646356e-02
   1.38957339019177e-01
   3.26946407815191e-01
  -3.22726390260508e-01
   1.00769159138453e+00
   1.48282978705899e-01
  -2.27586777484797e-01
  -4.49311732101345e-01
  -1.60440478185231e-01
   1.27891426984151e+00
  -3.19595760504493e-01
   1.07995856791458e+00
  -4.34330869381123e-01
   4.18136891544597e-01
  -4.03767150700478e+00
  -3.60573112006572e-01
  -3.62469248395067e-01
   1.19576151172984e-01
   6.66860752944919e-01
   1.86368687326230e+00
   4.17843417384026e-01
   9.26938421736301e-01
  -4.41701667699599e+00
   1.59085819798329e+00
   1.08867739964207e+00
   1.47474473194270e+00
  -3.60833080816028e+00
   9.69861007713368e-01
   1.34216862671925e-01
  -9.13475520664233e+00
   1.53933710016226e+00
   6.79144051740328e-01
   4.91704587075580e-01
  -2.33744468772930e+00
   4.15630332009092e-01
  -2.44907121371947e-01
   6.78368169168575e-02
   8.37054248424826e-01
  -4.43563426304175e-01
   8.22786161453584e-01
   1.06109485780271e+00
   9.51082053023489e-01
  -1.31457498615450e-02
   4.39038825580971e-01
  -4.77390539895717e-01
   1.99199822767147e-01
   1.02522393423569e+00
  -1.08716569838780e+00
   8.70310586336895e-02
  -6.40924536706374e-01
  -1.47310178133612e+00
  -2.11135698262988e+00
  -3.41334475983425e-01
  -2.01932244782857e+00
   3.12423280631625e-01
  -1.29056073434331e+00
   2.95062941855027e-01
  -1.92174991663397e+00
   7.44724038403907e-01
   6.03230274466474e-01
  -2.75330751247894e+00
  -2.53363720309935e+00
  -2.33682324501170e+00
  -2.76878499626819e+00
  -2.45421560125269e+00
  -3.11310360872776e+00
  -1.27456957357081e+00
  -1.94494350604564e+00
  -1.28088135831477e+00
  -2.62891849569096e+00
  -1.12177444294125e+00
  -1.49026921318964e+00
  -1.50482744803103e+00
  -2.22247352046507e+00
  -1.78032620396571e+00
  -2.99862348902966e-02
  -1.10687730982100e+00
  -3.69445885185687e+00
  -2.64902790799406e+00
  -2.26178613607827e+00
  -1.32617391628319e+00
  -2.84925973943846e+00
  -1.37162259336456e+00
  -2.45657349041776e+00
  -2.50039511270789e+00
  -3.92062575010280e-01
  -2.56738021770853e+00
  -1.16975953297115e+00
  -1.91546723391694e+00
  -2.09174062977545e+00
  -1.29054912576758e+00
   3.89423105193051e-01
  -7.43809953212443e-01
  -1.21434379726962e+00
  -7.36681542084265e-01
   1.13607870738084e-01
  -8.61674414537086e-01
  -6.18621640183486e-01
  -3.55501245945593e-02
  -4.54446158432441e-01
  -3.93034380108114e-01
   1.24080596141302e+00
   1.05921751938549e+00
   1.09495348333384e+00
  -1.08757443857994e+00
  -4.45054692480520e-01
   1.18066341354770e+00
   9.68663983745861e-01
   1.18354619582751e+00
  -6.08771481475797e+00
   5.73363231005166e-01
   1.33526224536072e+00
   1.14401829806902e+00
   1.40770946066950e+00
   7.45715778879818e-01
   9.63705001343802e-01
   7.44901022458540e-01
   1.93152638863048e+00
   1.17354989024843e+00
  -3.35613092950335e+00
   9.05933184175771e-01
   6.22639617481942e-01
   1.59035217814780e+00
  -4.16271748909461e-01
   4.73387870016628e-01
   5.75386765844447e-01
   2.01651965876769e-01
  -1.44722823514767e+00
   4.25864775276201e-01
   5.47458829290886e-02
   1.04415393144697e-01
  -2.90249726309961e-01
   1.18535497911525e+00
  -1.02677914697379e+00
   1.04404257349906e+00
  -5.55496997281447e-01
   3.05983368747516e-02
   4.61342902641624e-01
   2.28067246833595e-01
   4.28705400185176e-02
  -7.33929858944615e-01
  -8.78391271534023e-01
  -2.62613041482476e-01
  -1.52710288064609e+00
  -1.40225736063858e+00
  -3.47216963800387e-01
  -1.02338663553165e+00
  -6.87484497896188e-01
  -2.63337844655107e+00
  -7.94337551284665e-01
  -3.49721353004007e+00
  -2.73889519823261e+00
   1.74581365086075e-01
  -1.19332208202614e+00
  -1.63612638823597e+00
  -1.93323271741756e+00
  -1.80232270125780e+00
  -2.03713549852055e+00
  -2.27044482971778e+00
  -1.30808712896337e+00
  -1.17866886629518e+00
  -2.68752481398551e+00
  -2.18543644179190e+00
  -1.60542365615547e+00
  -9.47594242372910e-01
  -2.17547507287655e+00
  -1.35452752637557e+00
  -7.44766853411059e-01
  -1.94294593706091e+00
  -8.66165833232666e-01
  -1.48471290109777e-01
   1.33837536942698e-01
  -1.04959091949477e+00
   7.73543521322059e-01
  -7.70478648570682e-01
  -1.89118947732877e+00
  -1.83605289488842e+00
   3.03981919809663e-01
  -5.52675719353468e-01
   1.36218681703885e+00
  -1.70172880259779e+00
   1.92011597048204e+00
   4.93927730461470e-01
  -4.91094310871777e+00
   5.08131292822688e-01
   6.35915985763310e-01
  -1.30536627224734e+01
  -1.34940186818458e+00
   2.01020966951582e+00
   2.47796445235089e+00
   2.22222434279629e+00
   3.05232994545113e+00
   1.28918591690799e+00
   1.66231145250676e+00
  -1.38446154983249e+00
   2.73515750372066e-02
   1.83036592050157e+00
   1.41916937955047e+00
   1.30256457849773e+00
   1.84280669538329e+00
   2.25336010693117e+00
   5.62054498227914e-01
   2.77735164010791e+00
  -8.30800216941530e-02
   7.82097511893332e-01
   6.77725086213647e-01
   4.36751833468767e-01
  -7.84711307751971e-01
  -1.01493824782720e+00
   2.63358861751291e-01
  -1.03801275656279e+00
  -2.81423069185260e-01
  -8.23078152676866e-01
   1.11393702371421e-01
  -2.06670134764190e+00
  -2.05667619568758e+00
  -1.24568921498904e+00
  -2.83814475804284e+00
  -1.64482421789089e+00
  -7.96732042387342e-01
   7.70970302777609e-02
  -1.08014592292475e+00
  -2.38339168060393e+00
  -4.74130045643145e-01
  -7.18724609665154e-01
  -1.23106405293729e+00
  -3.12800651682628e+00
  -1.39794747682354e+00
  -1.61584753445696e+00
  -1.24365921449007e+00
  -5.86253152017983e-01
  -1.44231075520529e+00
  -3.42982364352756e+00
  -1.61307981616901e+00
  -2.94267942485986e+00
  -2.19454498056312e+00
  -2.71915560145008e+00
  -1.00791856268243e+00
  -2.61779122087828e+00
  -1.28725202283713e+00
  -2.42381166947653e+00
  -2.24282747458674e+00
  -2.24124494266889e+00
  -2.51377904855511e-01
  -2.40177838395412e+00
  -2.54279538229512e+00
   7.77724082452002e-01
  -2.13620950850564e+00
  -1.93611654928518e+00
  -1.22782758862432e+00
  -2.01175710636253e+00
  -1.34659552773847e+00
   5.55138101681584e-01
  -3.43796423371314e+00
  -2.02468579891647e+00
   3.99725932656926e-01
  -3.57692594622095e+00
  -3.02360687934979e+00
  -1.21758591920443e+00
  -7.90357946824409e-01
  -2.69856507085533e+00
  -1.04323152410744e+00
  -1.08254462848763e+00
   3.47214683001217e-01
   1.27824611575797e+00
   7.83130163157145e-01
  -5.97505426595129e-01
   1.65856366661719e+00
   1.27212977757644e+00
   7.54679935274359e-01
  -6.03272765694110e+00
  -2.83774227996910e+00
   2.69039342188935e+00
   2.96439621688514e+00
  -9.47817417413772e+00
   5.13304884319918e-02
   3.15013674540241e+00
  -1.09698079230962e+01
   1.64308249169826e+00
  -1.32146347832519e+01
   3.53798778172349e+00
  -1.41153705526363e+01
   2.94912359081027e+00
  -1.17472375185849e+01
   4.87484909621016e+00
   2.85862173884325e+00
   1.55941180614845e+00
   1.98753929618433e+00
   1.55076093660445e+00
   2.50758732446356e+00
  -7.04154022516614e+00
  -3.82705174961175e+00
  -1.94739680284747e+00
  -6.10542459309509e+00
   2.51820600611060e-01
   1.60609936742221e+00
  -4.85096613920726e-01
   5.40236023627036e-01
   8.33823227250283e-01
   4.77837816445023e-01
  -8.24454983700528e-01
  -7.08851873492316e-01
  -1.80647902630390e+00
  -4.09154407892496e-01
   6.12254644780839e-01
  -2.58734748091192e+00
  -1.93790586068335e+00
  -9.57752512442861e-01
  -3.02086344726977e+00
  -2.03497177383051e+00
  -1.97200372645293e+00
  -1.32290435902414e+00
  -1.06998958639051e+00
   5.39797337554225e-01
   2.72484396355500e-01
  -1.76037632323281e-01
  -3.43597131977370e-01
  -1.24317961308803e+00
  -3.06063071326444e+00
  -1.11302793604328e+00
  -1.70493179895821e+00
  -3.66620968093012e+00
  -1.31940606133012e+00
  -3.64770886608458e+00
  -1.15653371313656e+00
  -1.15815105481634e+00
  -7.94304906471192e-01
  -4.72491534625627e-01
  -1.47833451651750e+00
  -2.81812850099741e+00
  -1.15548655195094e+00
  -2.02267222216015e+00
   1.24569956238738e+00
  -2.91632112580883e+00
   3.93675260705455e-01
  -1.45710688812378e+00
   1.42129267057859e-01
  -5.65603405535544e-02
   8.04393407994652e-04
  -5.12307070181672e-01
  -6.62699837816584e-01
   9.89567393868489e-01
   1.26383922418190e+00
   2.27279126860045e-01
   2.71147789238912e+00
   1.25691017628505e+00
  -2.79415004280654e+00
   3.22672693944459e+00
   3.31976345838611e+00
   1.21400307703006e+00
   3.13928368627548e+00
   3.66002579222859e+00
   6.65753059848972e-01
   4.56118383073899e+00
  -1.21995849608253e+01
   1.22487399800538e+00
   4.52262725294476e+00
   3.66435159398079e+00
   4.53969728960000e+00
   3.32318027916280e+00
   3.28974473967118e+00
   1.79819778094897e+00
   6.58378030154742e-01
   4.85440882320651e-01
   2.32353501690195e+00
   7.56009707880727e-01
   2.11904893861535e-01
   8.93795683487403e-01
   5.05651045216288e-01
  -1.79054500020139e+00
  -1.16377474504734e+00
  -3.10502395135027e+00
  -7.73975997127858e-01
  -2.80553283120626e+00
  -1.47505742343911e+00
  -8.76275426143915e-01
  -5.13470871117628e-01
  -2.62783216108128e+00
   6.03143773528606e-01
  -2.08326270975940e+00
  -1.07983496339112e+00
  -1.86410085422322e+00
  -2.54150439174701e+00
  -1.91187132260766e+00
  -1.55657933546591e+00
  -3.87162186197711e+00
  -2.22752240795271e+00
  -1.70195509918958e+00
   4.76568851785455e-02
  -2.14430729975320e+00
  -1.48685455638370e+00
  -1.90275695871478e+00
   9.81251413578681e-01
   7.59520615304060e-01
   9.62980628259535e-01
   7.17972422329145e-01
   5.99663138179855e-01
   3.40982690415821e+00
   3.16289117720171e+00
  -4.56112024319973e+00
   2.14548309972942e+00
  -6.55562608054064e-01
  -1.59425907223395e+00
  -5.64364866438391e+00
   3.41639577043715e+00
   3.93499484019721e+00
   1.66792076648689e+00
   3.58941414823621e+00
  -1.25664500189201e+01
   1.09464970667377e+00
   1.60983446159425e+00
   4.02101446336328e+00
   1.14488173805821e+00
  -1.06022494351806e+01
  -5.99929300083753e-01
  -2.90112549775277e+00
  -2.33720171359219e+00
   1.24806731399021e+00
  -1.66923895775890e+00
   4.79142731137832e-01
  -2.78981447078932e+00
  -1.52272181827139e+00
  -2.07284235262669e+00
  -3.01318574740074e-01
  -2.83072939475515e+00
  -1.85294255060817e+00
  -1.19243326050455e+00
  -2.80907564018399e+00
  -2.10808398864956e+00
  -1.44896253373427e+00
  -1.07424308614336e+00
  -1.28834381510936e-01
   1.87206118224273e-01
  -1.20266477482310e+00
  -9.99082656859205e-02
   1.19610529025558e+00
  -1.41821150613542e+00
   2.04354646235369e+00
   3.27836204131378e-01
   3.20374404262966e+00
   2.73246189946931e+00
   2.06930097249951e+00
   1.93388367142815e+00
   3.57707155943753e+00
   1.32525907285835e+00
   3.76861258220194e-01
  -1.10758933740159e+01
   4.00724453590865e+00
  -1.22819151641184e+01
   4.51033619101090e+00
  -2.03009925626029e+00
   3.50054307884002e+00
   4.28838804814804e+00
   2.60807895944160e-01
   3.49039828191999e+00
   7.34107047592621e-01
   1.81026837800655e+00
   9.86295199228513e-01
   7.18444612064919e-01
   1.03241316747371e+00
   1.05249939139175e+00
  -8.88430435040940e-01
  -6.36934708644370e-01
  -3.34178387958819e+00
   1.22390871259304e+00
  -3.52656549024378e+00
  -4.26671304466672e+00
  -4.73380872654307e+00
  -2.45586113704904e+00
  -8.79650470846721e-01
  -8.15027456039937e-01
  -1.93993364276376e+00
  -9.07143118470779e-01
  -7.39918464504266e-01
  -1.72492807082436e+00
  -1.21021285145580e+00
  -3.55320300238837e+00
   1.51790817322214e-01
  -4.93180806607925e+00
  -3.27488992326162e+00
  -9.24038573227884e-01
  -9.25794073810360e-01
   1.56095081240291e+00
  -4.66839274848647e-01
   1.35256539195088e+00
  -3.09717493923163e+00
   2.29352061842237e+00
  -5.38822134931670e+00
  -4.73926469170292e+00
   3.16316258670795e+00
   4.07339522105885e+00
   4.64793323417088e+00
   3.14285339840844e+00
   2.80302519074157e+00
   4.79806047795809e+00
   3.56615350465872e+00
   1.23655790846478e+00
   4.06020869738440e+00
   2.93553897939582e+00
   4.71930106156869e+00
   9.35211018608211e-02
   3.45437969928698e+00
   4.71472142926941e+00
   4.23888293814107e+00
  -1.01442691622911e+01
   3.75109446394654e+00
  -3.30603281023887e+00
  -9.38337519881370e+00
   3.56213572972083e+00
  -8.79081894307641e-01
   1.02001131438501e+00
   4.83857878585146e-01
   1.52654000490147e+00
   3.02965933122683e-01
   1.18407208113185e+00
  -2.10034024697016e+00
   5.10657059890397e-01
  -8.39215328486356e-01
  -6.16625867466249e-01
  -1.86055041855307e+00
  -2.01421615202490e+00
  -1.20741935182887e+00
  -1.05447132011941e+00
  -1.96071222294595e+00
   3.33468264864129e-01
  -1.62184127493183e+00
  -1.05604071789421e+00
  -1.33808786370592e+00
   9.05247922402301e-01
  -6.57802857276105e-01
  -1.25384574051587e+00
  -5.07532597354478e-01
   9.58627945501027e-01
  -1.30363334105969e+00
   3.14954535891720e+00
   1.91757115372038e+00
   1.59516851494791e+00
   1.29510538298054e+00
   2.46295230413252e+00
   3.71778947212933e+00
  -3.47785134120025e-01
   2.33443375912647e+00
   4.94379981698093e+00
   4.64530157127174e+00
  -7.99430046196026e-02
   4.05104850312582e+00
   3.07182879113988e+00
   4.68896578738386e+00
   3.99835504590955e+00
   4.59298761843583e+00
   3.44986010623906e+00
   4.19226949791427e+00
   3.24107888068865e+00
  -7.55163516577759e+00
  -1.41157292626995e+00
   9.21274236352835e-01
   6.40878887118012e-01
   1.73170155992372e-01
  -1.59023818813294e+00
  -2.16390288605235e+00
   1.41510373136352e+00
  -2.09149601755289e+00
  -3.42935369999996e+00
  -1.57508227772142e+00
   6.49941205099273e-01
  -2.94208877191162e-01
  -5.15003156504102e-01
  -4.29251029981609e-01
  -1.52726295699049e+00
  -3.35129190307144e+00
  -2.11363940393731e+00
  -1.83754250692764e+00
  -1.43497958862882e+00
  -3.36572669310645e+00
  -2.54226456500656e+00
  -2.04904049615473e-01
  -1.59322186208520e+00
  -2.19361159093988e+00
   1.83775129176538e+00
  -1.04235916936396e+00
  -3.15152496568553e+00
  -3.41798737947702e+00
  -1.25037907004717e+00
   1.07775153919098e-01
   3.33018864393486e-01
   8.97819525137853e-01
   6.87002262194616e-01
   2.55823964079209e+00
   2.95211071533358e+00
   2.31511198249009e+00
  -6.14761051807782e+00
   3.61734541256410e+00
   2.27307648531168e+00
  -1.27862629585216e+00
   2.50677593046239e+00
   5.05065577237237e+00
   5.59652156300071e+00
   5.69887748460078e+00
  -1.59760088184849e+00
   5.07962773072304e+00
  -7.70666788419985e+00
  -4.09063559626302e+00
  -5.03630417886925e+00
  -1.12882554227750e+01
   3.75627154985741e+00
   4.19846943477969e+00
  -2.56597646732244e+00
   3.45440043643375e+00
   3.04026333751462e+00
   1.20397170288415e+00
   1.80088095601186e+00
   5.80781197647772e-01
   1.00581649641790e+00
   9.20816301690499e-01
  -3.90643374188094e+00
  -1.99865980907962e+00
  -7.21490115438067e-01
  -7.88744419231628e-01
  -9.93463560842068e-01
  -1.87371479109025e+00
  -1.87921874342610e+00
  -1.41225933096033e-01
  -1.68426753745698e+00
  -7.90420044840724e-01
  -2.37451019184719e+00
  -3.31208233494872e+00
  -1.80623345359582e+00
  -1.70936319365192e+00
  -4.05942491617098e+00
  -4.18468475843477e-01
   2.56348681899876e-02
   2.74015022708587e-01
   2.88186114454165e+00
  -2.19734202736257e-01
   1.00311383688076e+00
   3.62924255009911e+00
   4.34448403526712e+00
  -2.51768840847999e+00
  -3.76170456109922e+00
  -1.09477140184445e+00
   2.04333300294947e+00
   4.96502544585328e+00
   4.17899298529064e+00
  -4.65716104959811e+00
  -2.07331159075202e+00
   3.99891456518653e+00
   2.82818109615018e+00
   4.47787421415196e+00
   1.47487800145190e+00
   2.70661882638105e+00
  -6.65013222680139e-01
   3.48347420022255e+00
  -1.52401356650862e+00
  -1.52674336253185e+00
  -3.17567978629322e+00
   5.55497276329694e-01
   2.37443606717115e+00
   8.36384769934190e-01
  -3.78346989542118e-01
   5.39515792119314e-02
  -6.12967077146127e-02
   1.44635348503416e+00
   1.84809342365079e+00
  -2.52693013511235e+00
   5.93811267014157e-02
  -1.81739748691692e-01
   4.36545897912444e-01
  -8.52102082497916e-01
  -2.45374247205840e-01
  -1.12642187298398e+00
  -1.30366050127314e+00
  -1.73899848062283e+00
  -8.20591372648872e-01
   1.61563498425803e+00
  -6.57388647062001e-01
  -3.31974002378284e+00
   3.81965573287195e-01
  -5.72102310447557e-01
   2.26852894719192e-01
   4.76928791125280e-01
   3.80984931317143e+00
   3.67212822180536e+00
   5.53843298407989e-01
   1.26301566352046e-01
   7.38671093365516e-01
  -6.95819778574387e+00
   2.67181600403582e+00
   5.53754695930583e+00
   6.86038727183986e+00
   6.23171589906851e+00
   2.52994960035848e+00
  -1.86474793559283e+00
   1.14990477562369e+00
   5.23899308306445e+00
   4.75666296915678e+00
   4.79544148204186e+00
   1.21362136074403e+00
   2.28335806233135e+00
   1.08533086320985e+00
   9.30368945049301e-01
   1.23836437038280e+00
   1.79341868383196e-01
  -2.22753642848657e+00
  -1.27658640846315e-01
  -1.22503668608133e+00
  -1.87734518691796e+00
  -1.34702501795491e+00
  -1.16753067982141e+00
  -1.42829937943098e+00
  -1.13562227259318e+00
  -1.43960586606259e+00
  -7.41681108620563e-01
   4.42735542258012e-01
  -6.53698312038253e-01
  -1.55712885231933e+00
  -1.61378822044990e+00
  -6.77096150273977e-01
  -9.66783423597557e-01
  -1.33776240707048e+00
   4.28930820362799e-01
  -1.47986313876212e-01
  -3.72515191190908e-01
   2.05824028706408e-01
   1.94464577244977e-01
  -1.35010353837609e-01
   3.17991837499939e+00
   7.03051661943752e-01
   9.59535399634111e-01
   3.23662233004179e+00
   1.52565129344693e+00
   2.09990584927200e+00
   7.21876955998564e-02
   5.74463911217517e+00
   2.42099416683631e+00
   3.29630383810890e+00
   3.33114503959350e+00
   6.63391018617894e+00
   9.43273944093923e-01
   2.30069727103582e+00
   2.25372008248760e+00
   2.59355629301117e+00
   8.25948641604915e-01
   1.43661425962764e+00
   3.81186128129720e+00
  -3.44124510228179e-01
   1.73125383826791e+00
  -4.61411046399556e-01
  -8.12988053272969e-01
  -1.66388569380306e+00
  -1.08751717476171e+00
   8.08161652974738e-01
  -4.19171422979216e+00
  -2.90982453404068e+00
  -1.15868903184819e+00
   4.19520693786032e-01
  -1.69633305287844e+00
  -1.76408166466539e-01
   2.63366169973912e-01
   7.58278922246424e-01
  -3.38304786421398e-01
  -8.62363378043122e-01
  -6.91619337260457e-01
  -1.33000453837449e+00
  -1.71329493786957e+00
  -2.90228393226662e+00
   5.88520354458657e-01
  -3.38950196762747e-01
  -5.28511508310297e-01
  -8.59986133624810e-01
  -9.35850911076708e-01
  -7.23504426061121e-01
  -3.68424461896760e-01
  -3.75305158174761e+00
  -1.43440564660214e+00
  -3.77330381935829e-01
   1.13206140539111e-01
   2.05268185561541e-01
   5.65213423614885e-03
   3.08488512067376e-01
   9.09500504865170e-01
   9.28490843203141e-01
   1.04225692385207e+00
   5.08451414568659e-01
   1.20532353278158e+00
   5.45375850391647e+00
   5.70563207694285e+00
   3.54639278611685e+00
   3.82278409740720e+00
   2.13368990732251e+00
   6.84142765187553e+00
   4.09409573737448e+00
   1.79287790807754e-01
   6.79871449107067e+00
   2.50339261363060e+00
   1.85227860227351e+00
   1.06673156355773e+00
   5.99609100086800e+00
   6.52395988492932e-01
  -8.35837211368799e+00
   5.35319202866409e-01
   1.25419945946341e+00
   3.57923568917064e-01
  -1.01078134760977e-01
  -3.71844137805474e+00
  -3.01634054518766e-01
  -2.27441813902497e+00
   2.05334657446055e+00
  -3.42032952221107e+00
  -2.56977894220293e-01
   9.94540921675613e-01
   1.52031649390428e+00
  -1.66721035530882e+00
  -3.96792652828802e-01
  -9.00314284367008e-01
   5.43030709900483e-01
   9.68889093220829e-01
   2.60045281469521e-01
  -8.84531417972179e-01
  -2.10282507717787e-01
  -5.84436501814801e-01
  -1.08471002627184e+00
  -9.73645499703347e-01
  -2.50854256198730e-01
  -2.93119487355947e-01
  -2.97495998530085e+00
   1.68704261952731e-01
  -8.83880191339452e-01
  -6.09948888477996e-01
  -2.20938601073252e-01
   2.37468809085808e-02
   9.01475499777368e-01
  -4.24130387513836e-01
  -1.38387763587710e-01
   5.73492844519384e-01
   4.63036998497406e-01
  -6.01398793255394e+00
   4.94610106196105e+00
   3.82847266340595e+00
   1.39559540485734e+00
  -7.98389243032725e+00
   1.59294125767283e+00
   1.49831989813301e+00
   7.20810694578485e+00
   8.14028323050840e-01
   3.30728765086260e+00
   5.35254913061580e+00
   5.43495579526043e+00
   3.08995487318079e+00
   8.02125888669379e+00
   6.78114446389409e+00
   1.86261610430065e+00
   1.28836921693928e+00
   3.30609476311601e+00
   2.33498246355557e+00
  -1.14301028522696e+00
  -1.34496532316607e+00
  -7.24249303684340e-01
  -3.49283576539947e+00
  -2.39215105539737e-01
  -1.69723403821681e+00
  -1.62609677124338e+00
  -2.19474345140189e+00
  -3.19702457681231e+00
   7.91850903637956e-01
   9.87228189601037e-02
  -1.74299944878167e+00
  -2.63045525070138e+00
  -1.74027350679220e-01
  -5.97339445002129e-01
  -6.09987023426223e-01
  -1.15602912742416e+00
  -6.42339840647796e-02
  -2.64725871492013e-01
  -1.21434397948688e+00
   2.80152083588652e-01
  -1.40119797518858e-01
   6.80497398750409e-01
   5.33529134513301e+00
   2.15172411449784e+00
   3.01142591647331e+00
   2.14478950452248e+00
   3.38177979598858e+00
   6.59003084656287e+00
   1.39484502788982e+00
   4.29327819246409e+00
   4.78744674989902e+00
  -1.82593429371864e+00
  -6.51684285205741e-01
   1.10273930930579e+00
  -3.77285961878082e-01
  -1.24662074203170e+00
  -9.82683064035914e-02
  -3.08776358409760e+00
  -4.79655820737808e-02
  -1.59145932023248e+00
  -6.76530858144909e-01
   5.35696991513211e-01
   3.34445246820305e+00
   4.30751370019967e-01
   1.24854600018479e+00
   1.34534140345968e+00
   2.86306725152226e+00
   6.47160956282223e+00
   2.29356235289415e+00
   6.63831788940476e-01
   1.18407311679439e+00
  -6.31408512623787e-01
   4.88029209013254e-01
   1.48671039304499e+00
  -6.14278538734292e-01
   1.58227575226553e-01
  -1.08639719302537e+00
  -6.95052790240519e-01
  -2.56717382913357e+00
  -3.14145186817459e+00
  -1.37556318915436e+00
   1.29603057503225e-01
  -8.33814928422237e-01
  -3.38242677843491e-01
   1.07199713417409e+00
  -2.85047441474129e-01
   8.12644199868734e-01
   4.69665457492189e-01
  -2.06931385269454e+00
   1.90219340796957e+00
  -8.08952753549059e-01
  -1.79836707769901e+00
  -1.76734542549966e+00
   2.55086857153762e-01
   7.18251432765955e+00
   9.23944753275825e-01
   7.94273871695568e+00
   2.71952521585935e+00
   1.48818965117007e+00
   5.91437920805983e+00
  -5.22453240241342e-01
   4.97630104837790e+00
  -8.88654772608116e+00
   1.02501924312164e+00
   4.80526631884819e-01
  -8.88857689602995e-01
   2.24718616541756e-01
  -5.20672500702497e-01
  -1.08173118028717e+00
   3.08268228139459e+00
   6.47171817186424e-01
  -2.11465701109646e+00
  -1.47487346758371e+00
  -2.69066159984144e-01
   2.86376181492905e+00
  -8.06638997351943e-02
  -4.32632354232377e-01
   1.06153176412353e+00
  -2.10227034500586e+00
  -7.92891169594990e-01
  -2.01790649149425e+00
  -5.56336836719465e-01
  -4.06533913882962e-01
  -6.30539557495107e-01
  -2.23146717626569e+00
   1.71115243347358e+00
  -2.07696181989016e-01
  -7.16268200900780e-01
   3.06158384794250e-01
  -9.05957470628014e-02
   1.52983631574388e+00
   9.59727786859181e-01
  -3.58692031359718e-01
   9.91819135409420e-01
   1.71194590648647e+00
   3.81662074264331e+00
  -1.37038856787385e+00
  -1.07334885479814e+00
  -2.63801826655286e-02
   6.48676597651811e+00
   2.97963817598192e+00
  -3.02438764544243e-01
   3.60215230966550e+00
   5.17645680412843e+00
  -1.20670533473695e+00
   6.91008451453305e-01
   4.00660652642179e-01
   1.14481258282230e+00
  -5.79279339715507e-01
   2.46469503024306e-01
   6.40983784790839e-01
  -2.19481513309402e+00
   3.91485296254031e+00
  -9.41399801090123e-01
   3.17038604380232e+00
  -5.25012633022564e-01
   1.75031411498130e+00
  -1.05636473822697e+00
  -9.51798504451839e-01
  -6.21263049216944e-01
  -6.35641930030582e-01
  -1.62045802358498e+00
  -3.30732668709610e-01
  -1.76565341144542e+00
   4.65894034333720e-01
  -9.80978643206127e+00
  -4.93554172504995e-01
  -4.66462155135523e+00
   1.43005353059740e-01
   1.35978249534255e+00
   6.88783800956153e+00
   1.92296854558244e+00
   1.72741839883692e+00
   3.40230037231358e+00
   9.34008388236307e+00
   3.17243710737275e+00
   1.11217012220950e+00
  -5.46347453346792e-01
  -1.96892214844960e-01
   8.75389774972424e-01
  -4.79745690825988e-01
   6.46092198067342e-01
  -7.58325265174429e-01
  -2.03517077221896e+00
  -1.12703557786026e+00
  -8.39087622193441e-01
  -1.34046522306890e+00
  -2.25994709250936e+00
   3.92362765938193e-01
   1.90020233902461e+00
  -3.23375108094307e-01
  -6.31077100996151e-02
  -2.75377839719207e-01
  -8.91424831961197e-01
   2.58523317785911e+00
   3.71554910396971e+00
  -1.07522584729905e+00
   1.79517639065616e+00
   1.42761763110084e+00
  -6.33797900835689e+00
   3.27636981522996e-02
   9.99199854331343e-01
  -1.74642346459277e+00
   8.10015700902058e+00
   4.73981524145292e+00
   7.79705566227530e+00
   3.22481613690470e+00
   8.36778475367643e-01
   2.37459027396144e+00
   2.45983388604363e+00
   4.72119115456415e-03
  -2.44860015594132e+00
   4.95666826789911e+00
   6.21225071834848e-01
   4.50120689672612e+00
  -2.48961053839467e+00
  -3.07850046865097e+00
  -7.18964856574802e-01
   1.32435107944570e+00
   4.71516624361263e-01
   1.11327863844942e+00
  -6.10607072800153e-02
  -2.25477732759519e+00
   4.13993865038028e+00
   1.02180901999272e+00
   1.57421413737572e-01
  -4.99921768390468e+00
  -7.17141358982790e+00
   2.22405256765742e+00
   2.31424734649536e+00
  -1.79033940613957e-01
   1.12862748435727e+00
   3.55824848554712e+00
   1.23519015471029e+00
   6.63949636035195e+00
   9.34831833361747e-01
  -6.28802437380367e-01
  -4.87864585954052e-01
  -7.40231531870089e-01
  -1.66411162065433e+00
   3.34146648332503e-02
   3.18699493402837e+00
  -2.13938416367094e-01
   1.17209559114961e-03
  -8.79825422898094e-01
   3.11088459604994e-01
  -1.15010991739201e-01
   8.40511670147313e-01
   2.38971988992798e+00
  -4.44461578564219e-02
  -4.69283434604771e-01
  -7.76928940559268e-01
   4.33488248204448e+00
   4.43622476246801e+00
  -1.12716988761222e+00
   1.30559150266926e+00
   3.02591923832315e+00
  -6.03347260711965e-01
  -8.71476370543499e-01
   3.00442943692851e+00
  -3.20618981199605e+00
   8.56539647542345e-02
   7.12796838556223e+00
   6.93941932594261e+00
   3.38575424506180e+00
   9.52184766817517e+00
   4.01219198801154e+00
   8.40837817368938e+00
   1.60218270857822e+00
  -3.52564952024168e+00
   8.48685371814977e-02
   4.76892412856065e-01
   5.24714002762627e-01
   1.61235575517273e-01
  -3.97569021396160e-01
  -6.79325667841661e-01
  -5.27515647114891e-01
   4.94168502633229e+00
  -1.04083895711356e+00
   1.84514565830247e-01
   1.09156659344389e+00
  -9.97899998329652e-01
  -1.22630496355587e+00
   1.39447700540440e+00
   1.46854386074519e+00
   1.36430427136027e+00
  -3.98322720409320e-01
  -5.81060902018031e-01
   1.02736784225140e+00
   7.70693707285286e-02
  -5.06097877948472e-01
  -2.46914271287645e-01
   3.22947404000697e+00
   3.24482888551201e+00
  -1.22871413766425e+00
   1.93401854647700e+00
   1.71152932280702e+00
   1.19872533928534e-01
  -5.12104183650630e-01
   2.73328090771238e+00
  -2.47901204027679e-01
   1.22154634355856e+00
   9.73923440914765e-01
  -5.26001297951789e+00
   2.69875410501790e+00
   3.92787816243199e+00
   1.67936323955236e+00
   5.18883334718830e+00
   5.44473559331836e+00
   9.29065905350708e+00
   5.73101830029733e-01
   4.81702925976967e-01
  -2.64130501990130e+00
   4.67146076537935e-01
  -4.83239008975582e-01
   1.26147996057116e+00
   1.94372019218408e+00
  -2.83452125794705e-01
   1.84921802470759e-01
  -6.33938155614638e-01
   3.05216786567220e-01
   3.93557823128324e-01
  -6.11548109035695e-01
  -1.26944057969204e+00
   3.22964214232424e+00
   2.17330941752552e+00
   2.96003143222369e+00
   1.78114627350296e+00
   7.08493158282542e-01
   3.37997221649711e+00
  -1.09856351324161e+00
   3.67271535059844e+00
   2.45036772634321e+00
   4.28778154166493e+00
  -8.06157564512072e-01
   4.99109894848484e-02
   5.58667174345546e+00
   4.04194702921265e-01
  -1.02749873277808e+00
  -6.41437815680579e-02
   3.27919701290866e+00
   8.77606234356242e-01
   9.75794486944685e-01
   1.04698055373537e+00
   2.29772042606455e+00
   5.03763671385649e-03
  -1.17139551980163e+00
   8.84481337518027e+00
   4.59245974767273e+00
   2.18644730150063e+00
  -2.75186877740689e+00
   3.81124543481198e-01
   7.58238213149789e+00
  -6.11403711231654e-01
  -6.89045099580293e-01
   1.30035254920946e-01
  -5.93359019436352e-02
   4.28580237360111e+00
   2.86023045311540e+00
   2.60180560339986e+00
   1.75531453120984e+00
   5.79285683158323e-01
   2.32875445300712e-01
   8.06530097531967e-01
   5.52659715062864e-01
  -3.11851851288433e-01
   3.41580365585960e+00
   3.54045056081113e+00
  -1.55913363264157e-01
   7.18733198953847e-01
   7.46520308724390e-01
  -4.93716286933736e-02
   2.14453529850649e-01
  -3.21056136044408e+00
  -2.18962828256375e-01
   8.51007148945327e+00
   1.52809686065065e+00
   3.32677929030833e+00
   3.44249929446996e+00
   8.84627683281396e+00
   8.66035400839555e+00
   2.22028200744480e+00
   8.40936739979404e-01
   1.60065216120656e+00
   8.92000399686949e+00
   2.83459891629436e+00
   5.31793247904622e-01
   3.59894294241203e+00
   3.31677053121066e+00
   2.95875390026267e+00
  -3.86069792351558e-01
   4.59439326377455e-01
  -4.25144806175675e-01
  -6.49748657228693e-01
  -6.17829868838962e-01
   5.52075509294118e-01
  -1.07421735895233e+00
  -7.43447375526651e-01
   2.05002371431910e+00
   5.42266928693513e-01
  -7.92943342737638e-01
   2.33807027353887e+00
   6.08891515174398e-01
   3.82501513325351e+00
   3.96739665628720e+00
  -9.83073697577860e-01
   5.43406160053873e+00
   3.91648834829029e+00
   7.37949467986654e+00
   8.86847281136160e+00
   3.06978312767878e+00
   6.80936908204237e-01
   1.03403471313631e+00
   1.64004188344042e+00
  -3.11090087884262e-01
   2.97962431185342e+00
  -6.12678166384834e-01
   2.41056605845679e+00
   2.53549119607250e+00
   5.94865856253355e-01
  -2.12753847735977e-01
  -9.66140422261143e-01
   1.28597204445120e-01
  -1.28753026009802e+00
   2.94276424213503e+00
   4.75661864824721e-01
   7.14324760056424e+00
   7.83967886774771e+00
   7.89331658037044e+00
   8.23279660018797e+00
   5.81737568699591e+00
   3.08923655192975e+00
   8.74265429573406e+00
   3.97464933203482e+00
   5.91711667442396e+00
   6.34840130109060e+00
   8.84891607705631e+00
   6.08034969925884e+00
   8.55213034470343e+00
  -1.94249681333768e+00
   8.27780680532660e+00
   2.91483040987620e-01
   2.49980061399528e+00
  -1.62608940797927e+00
   7.88387870774604e+00
   8.47255902949509e+00
   1.19242147406148e+00
   2.02549695035613e+00
   2.50838451727704e+00
   2.30808053951446e-02
  -1.87549233974239e+00
   7.23424341772922e-02
  -3.74560433318985e-01
  -1.20569821282639e+00
   3.47033745322639e-01
  -1.59199225470508e+00
  -3.19661031858383e-01
  -1.14295088820624e+00
  -1.16592021408415e+00
  -3.58005135594775e-01
   1.78894701922436e+00
  -4.84793669294081e-02
   3.66515411469972e+00
   1.67407693602299e+00
   3.11548277309693e+00
   5.71934816180683e+00
   7.30275085329403e+00
   2.21817794779272e+00
   6.61216954679857e+00
   3.21189950467796e+00
  -1.27578699241858e+00
   3.69219163243306e+00
   5.95284397184095e+00
   4.38448855503011e+00
   2.77734106716834e+00
   2.10533740437258e+00
   1.99602723785519e+00
   8.53743999020153e+00
   6.82419775389362e+00
   2.68280314700441e+00
   2.63697087747768e+00
   2.17518246892214e+00
  -1.87445900261265e+00
  -1.29303635054593e+00
  -5.18007381396083e-01
  -2.23937641527633e+00
  -2.19280058961372e+00
   1.44808027905483e+00
   9.36822860841309e-01
   7.71289429543858e+00
   2.44942664422105e+00
  -3.49748723262256e+00
   3.47014596992303e+00
   3.84948519449826e+00
   7.94267491083101e+00
   8.68468931233419e+00
  -8.29608773842304e-01
   4.87126085522541e+00
  -3.49225135386551e+00
   7.16213965651732e+00
   5.17121764932144e+00
   8.03424366843173e+00
   6.56646483052955e+00
   1.82347253321986e+00
  -8.91292966721361e-01
  -2.02373522335984e+00
  -2.02800247896364e+00
   4.90762577218808e-01
   2.16128327437436e+00
   8.68924394871462e-01
   6.90983737182559e+00
   2.24731366862979e+00
   2.88462458778704e+00
   3.25643786638411e+00
   4.03242341226396e+00
   7.78385202994595e+00
   1.09267836289145e+00
   8.25779561748404e+00
   6.57226520477015e+00
   6.76012661880977e+00
  -7.50777273564930e-01
   7.05173709125429e+00
   3.30678128496893e+00
   6.96997079177290e+00
   6.05504006427500e+00
   1.72750738792219e+00
  -1.87678825376595e+00
  -1.66093965702545e+00
  -2.06435057666176e+00
  -1.92092424734447e+00
   4.95840779055233e+00
   7.06774780489777e+00
  -1.82177685765681e+00
   8.05560227268724e+00
   8.33829592702604e+00
   2.24003301394932e+00
   7.49049456768934e+00
  -2.06112869651654e+00
  -1.60954678445681e+00
  -1.14886851901313e+00
   7.89211047304015e+00
   5.03852770906578e+00
   7.37292707091082e+00
   7.29661384481314e+00
   7.37091454421206e+00
   3.03102037295084e+00
   4.71355454175627e+00
   6.53228521987184e+00
   5.82219885854683e+00
   6.64757322576767e-01
   5.45480026231362e+00
   6.53289454994446e+00
   7.34458253544780e+00
   7.38232815167330e+00
   7.39402213579924e+00
   8.72814699705068e+00
   9.17995299990289e+00
   6.87933799267321e+00
   5.82619367948464e+00
   5.93579891072695e+00
   7.72336569490780e+00
   6.65138949766915e+00
   6.47898443023350e+00
   8.05810690709531e+00
   6.09825257608772e+00
   7.54985434905611e+00
   4.84830301662568e+00
  -7.39746932673947e-01
   7.39340569077412e+00
  -1.05937291254933e+00
  -2.64116397226027e-01
   9.13296378905524e+00
   8.75569766630442e+00
   4.53669469461001e+00
   4.64549669251519e+00
   6.67588176162498e+00
   8.56538974399236e+00
   8.94793534603959e+00
   4.90047036632440e+00
   8.88474643013605e+00
   4.42641708925784e+00
   9.16396661990111e+00
   7.94872041697126e+00
   6.15556109140614e-02
  -2.61622111735571e-01
   9.03618056409519e-01
   6.34998438759445e-01
   9.93826994136717e-01
   8.63462544261406e+00
   9.42062632299566e+00
   9.01083771022254e+00
   7.92172743637948e+00
   7.40820769928759e+00
   7.82808988396223e+00
   6.68931078785172e+00
   7.80258909286308e+00
   1.03736201585229e+00
   6.10559373453916e-01
   9.00019095283041e+00
   9.19016976063371e+00
   9.07968521011607e+00
   9.31767661984249e+00
   7.47211887973653e+00
   1.55104852469471e+00
   1.99724442538137e+00
   1.70341912278035e+00
   2.14479678792340e+00
   7.45067860112376e+00
   7.07612521835917e+00
