  -6.24821201371028e+00
  -4.39080634590405e+00
  -5.61008647283338e+00
  -5.00241214038774e+00
  -7.42140114242297e+00
  -4.53602586743195e+00
  -5.91347916134432e+00
  -4.77183607927977e+00
  -5.51289987889427e+00
  -4.90666347176025e+00
  -5.92140749068599e+00
  -7.27684497906844e+00
  -6.55693682277538e+00
  -6.75569643491067e+00
  -8.18535935480590e+00
  -5.27674908372242e+00
  -7.91731579944021e+00
  -1.06236882491513e+01
  -5.38611032206199e-01
  -1.27494562020812e+01
  -5.06496687927133e+00
  -5.12896027265392e+00
  -1.26357108893982e+01
  -3.84471802240946e+00
  -5.28308598057642e+00
  -2.93172054017227e+00
  -4.69893992934353e+00
  -4.00972709083740e+00
  -1.36585323912724e+01
  -1.27046419561194e+01
  -7.15725358280374e+00
  -6.52694491432990e+00
  -1.07708037620879e+01
  -7.73471751723187e+00
  -7.04451083057315e+00
  -7.63071272436641e+00
  -7.56811494839817e+00
  -6.47804429225666e+00
  -5.93702099891666e+00
  -4.15550927942527e+00
  -3.88016362315661e+00
  -5.12136253963413e+00
  -6.08612711667697e+00
  -5.57785253421039e+00
  -5.32380597333863e+00
  -5.85371875636988e+00
  -2.96858211252961e+00
  -5.81480526728606e+00
  -3.32656781589244e+00
  -3.24040204883126e+00
  -6.17609923295654e+00
  -2.82007108649773e+00
  -2.83875638638997e+00
  -4.00289772429382e+00
  -4.16278244339005e+00
  -1.38749402452427e+00
  -5.48326766036930e+00
  -3.33594702873065e+00
  -3.94638106671132e+00
  -2.30894061158701e+00
  -2.98705555074698e+00
  -2.08897811529291e+00
  -1.92695798696982e+00
  -1.53127308738853e+00
  -9.29759417848935e-01
  -1.48423678491249e+00
  -2.30031656277256e+00
  -1.65495426036537e+00
  -1.82238425410028e+00
  -2.96961307086271e+00
  -2.02936096148655e+00
  -4.84140598324225e+00
  -3.51496026895270e+00
  -4.22679360527504e+00
  -6.67601970490900e+00
  -6.98765230971198e+00
  -2.30098300824843e+00
  -4.15998747046992e+00
  -2.42958073050354e+00
  -7.21009765591966e+00
  -3.29892342730013e+00
  -6.67622908664193e+00
  -3.44016299498812e+00
  -5.02764860972015e+00
  -3.82759115039712e+00
  -8.35372822340027e+00
  -5.00975976120494e+00
  -3.79159165553042e+00
  -3.12981215371033e+00
  -6.08315843852247e+00
  -7.74244477020979e+00
  -8.87578750719890e+00
  -5.10266972440527e+00
  -7.66307991658246e+00
  -3.85981999330320e+00
  -5.62194135637505e+00
  -5.24155164701747e+00
  -5.64474061462456e+00
  -4.41905337375751e+00
  -4.94783668251252e+00
  -5.09834161080939e+00
  -5.92746953671772e+00
  -7.13678626105698e+00
  -6.42433583799097e+00
  -6.64748413906559e+00
  -7.58050162476970e+00
  -5.67769311336101e+00
  -8.45632234291693e+00
  -9.21843735532925e+00
  -9.88853057486644e+00
  -5.28110260857752e+00
  -1.00113955004046e+01
  -1.04522124812176e+01
  -1.07034438495786e+01
  -1.06392693136369e+01
  -1.12373664204453e+01
  -1.03164995411218e+01
  -7.35502547259707e+00
  -9.83550141216633e+00
  -7.06500826655351e+00
  -4.84255906631838e+00
  -6.48343719104482e+00
  -7.87397721968241e+00
  -4.47210130144790e+00
  -1.97342168072205e+00
  -1.18647852677524e+01
  -2.90086940065898e+00
  -1.01353322551714e+01
  -1.10222244827666e+01
  -4.94302808861826e+00
  -1.16838668431311e+01
  -3.33796593866659e+00
  -5.35204326782527e+00
  -1.20675503931663e+01
  -1.05743000114982e+01
  -7.53293453088568e+00
  -1.05638284269700e+01
  -9.95111668115364e+00
  -8.83643183816198e+00
  -8.24725160078665e+00
  -9.22283236628495e+00
  -9.35583525457255e+00
  -8.77862706871306e+00
  -8.19350748548381e+00
  -9.46138942514076e+00
  -8.63380646797773e+00
  -7.23346752430111e+00
  -6.98161843573339e+00
  -7.26443283398034e+00
  -6.62950964934603e+00
  -4.65337017359084e+00
  -5.91810748988714e+00
  -4.13817195941115e+00
  -5.37653828440320e+00
  -3.45056749741539e+00
  -6.09550924080772e+00
  -4.57352148428904e+00
  -5.32347800131824e+00
  -6.14963627623106e+00
  -7.15449061777613e+00
  -7.61099640884290e+00
  -6.91824708956951e+00
  -3.08363137990832e+00
  -6.80489013310230e+00
  -4.94706846885415e+00
  -3.87704697630775e+00
  -3.54066162752510e+00
  -2.24905018531822e+00
  -2.24404867866192e+00
  -4.24366440684857e+00
  -1.70233375630155e+00
  -4.04479550212195e+00
  -3.93084365869904e+00
  -2.83754250457073e+00
  -2.75265451710688e+00
  -1.52060830574478e+00
  -8.18050500683193e-01
  -1.94416438940530e+00
  -1.19943037571752e+00
  -1.53029389590224e+00
  -2.28048130216771e+00
  -2.69475284877367e+00
  -2.11106595102969e+00
  -1.47963184586765e+00
  -2.90683524395640e+00
  -4.34187449480682e+00
  -7.07457895897201e+00
  -2.63265113549928e+00
  -2.73045739521344e+00
  -7.50269889159349e+00
  -7.23433170399780e+00
  -7.29251831006345e+00
  -2.59622894826330e+00
  -3.18058562339424e+00
  -3.66785240276763e+00
  -3.28266152913252e+00
  -4.18448524893315e+00
  -7.17601611791829e+00
  -6.46084192818230e+00
  -6.60571858730614e+00
  -6.67846945517263e+00
  -6.61098981859973e+00
  -7.01012676782661e+00
  -7.63465226067105e+00
  -7.60996423171869e+00
  -8.60218880839889e+00
  -4.72327065832283e+00
  -7.67161874237822e+00
  -8.82395803610884e+00
  -1.10359668657421e+01
  -6.13511510333333e+00
  -1.22371346112315e+01
  -6.76024074060401e+00
  -5.03913081634814e+00
  -6.14380622419881e+00
  -1.43697700714112e+01
  -1.31208423167974e+01
  -6.20953004177786e+00
   3.78391032099066e+00
  -3.23427632743837e+00
  -1.48123913634064e+01
  -6.42947799625213e+00
  -5.21895603570479e+00
  -4.81518439991441e-01
  -5.97318921676028e+00
  -6.47355064459966e+00
  -4.65403563076429e+00
  -6.18687153626902e+00
  -6.21214126473128e+00
  -1.35123175491655e+01
  -7.11448177945308e+00
  -1.31708607551301e+01
  -8.15224333640267e+00
  -7.95610378916913e+00
  -6.13637389916143e+00
  -1.10382890571911e+01
  -1.11171613744401e+01
  -1.02406790747038e+01
  -5.22483969985765e+00
  -4.34858391696175e+00
  -7.64030498481511e+00
  -6.60668943254145e+00
  -6.00358536770195e+00
  -7.12438964204389e+00
  -5.08201162143373e+00
  -4.86857046449509e+00
  -7.35943897319353e+00
  -3.82531860423946e+00
  -3.62780409023721e+00
  -4.73369533825385e+00
  -4.56555532396956e+00
  -3.89397839261087e+00
  -4.33988455066278e+00
  -2.50918823711268e+00
  -4.16880968940327e+00
  -3.33419585216156e+00
  -1.85564190604432e+00
  -3.50716472099443e+00
  -4.26947110543929e+00
  -1.97699677370033e+00
  -3.89128002981047e+00
  -2.70319112813390e+00
  -6.26963961045399e+00
  -3.58462838349546e+00
  -3.77027960640512e+00
  -2.24608488884692e+00
  -3.03682744184621e+00
  -3.04177597109551e+00
  -1.57162461392468e+00
  -1.72075451556261e+00
  -1.32926077829702e+00
  -1.74081540941111e+00
  -6.91988270622595e-01
  -1.39007073226744e+00
  -2.06600660304425e+00
  -3.97911404521360e+00
  -4.55277919653249e+00
  -5.34509759112020e+00
  -6.35387983168962e+00
  -2.73118609114513e+00
  -3.15203265514278e+00
  -6.82300794943253e+00
  -1.86908092510671e+00
  -3.63225364845598e+00
  -5.25001704901038e+00
  -3.23295571386930e+00
  -2.31959487319650e+00
  -3.15491212032534e+00
  -2.65751419397852e+00
  -2.24971689536610e+00
  -3.02346851363759e+00
  -3.33295659739556e+00
  -2.44110652014037e+00
  -2.74259912408447e+00
  -4.63260803131484e+00
  -3.16913782085899e+00
  -3.10990280759975e+00
  -3.76438062797583e+00
  -3.93024497508045e+00
  -4.59047347647734e+00
  -5.26542049018112e+00
  -4.57786045554635e+00
  -5.21416431225512e+00
  -6.65007287469430e+00
  -6.97791835301282e+00
  -7.35025644554221e+00
  -7.76328671214210e+00
  -8.61961691453794e+00
  -1.00083249299897e+01
  -1.00148099915797e+01
  -8.71410961572942e+00
  -7.83327254915471e+00
  -1.17269260584036e+01
  -6.22960754754708e+00
  -1.24303933489583e+01
  -1.25395332447935e+01
  -1.25067133616850e+01
  -1.32520081754903e+01
  -1.37326821901380e+01
  -1.36654391358290e+01
  -9.21141745237414e+00
  -7.10864466787748e+00
  -1.09096083079604e+01
  -5.68726485392667e+00
  -1.28532265960386e+01
  -7.55019557121536e+00
  -1.01227938081221e+01
  -5.92675428843827e+00
  -3.74022215426899e+00
  -7.43909217863725e+00
  -7.14491448864842e+00
  -8.75013461469202e+00
  -1.05537163661588e+00
  -6.35338045052244e+00
  -6.62584026016170e+00
  -7.69560165013822e+00
  -7.63734601597130e+00
  -6.72317499371197e+00
  -7.98625885027754e+00
  -1.11851513465664e+01
  -1.35279090542637e+01
  -5.10541172761031e-01
  -9.90707082435997e+00
  -1.22443060815241e+01
  -9.53286275167479e+00
  -1.16408873152606e+01
  -9.79125353699978e+00
  -6.15750937332373e+00
  -8.87464592825304e+00
  -9.99950674223251e+00
  -6.16744624586240e+00
  -8.93015803017911e+00
  -7.96330722801863e+00
  -7.96626416029917e+00
  -6.88210199858454e+00
  -6.89502035837372e+00
  -5.60338329074434e+00
  -5.30463705127581e+00
  -4.14133562208840e+00
  -7.33120108828566e+00
  -7.09059370720674e+00
  -4.77534945922266e+00
  -3.70796714983876e+00
  -4.92904744945386e+00
  -4.33364447127055e+00
  -6.37067621229030e+00
  -8.15593141174681e+00
  -4.69984184868204e+00
  -5.05192721883227e+00
  -3.76428143709668e+00
  -3.81695928832337e+00
  -2.66308448236409e+00
  -3.40652947328103e+00
  -8.75118567936092e+00
  -3.45710999227699e+00
  -5.86299425163738e+00
  -6.82164177529480e+00
  -2.88895687111485e+00
  -4.86720599920695e+00
  -2.60254871196516e+00
  -2.06589426071255e+00
  -1.57476190211960e+00
  -1.20936655017354e+00
  -1.32019617932124e+00
  -9.72225688573553e-01
  -1.38259133326223e+00
  -1.47358058626119e+00
  -3.94882879873799e+00
  -1.87459659844912e+00
  -4.54780109199341e+00
  -1.60306046587643e+00
  -6.24794448545722e+00
  -1.92134555928455e+00
  -5.12066048803185e+00
  -6.66548902475747e+00
  -3.83176684664172e+00
  -8.56233839477604e+00
  -8.02792360592243e+00
  -6.03863500124057e+00
  -4.16840538315150e+00
  -8.69251803231614e+00
  -4.39866817754059e+00
  -4.59369332330348e+00
  -5.08750802074169e+00
  -5.35407296834742e+00
  -7.24589656104777e+00
  -6.98518484499268e+00
  -4.26475827665322e+00
  -7.23238790600058e+00
  -8.26690173149395e+00
  -8.48558833468737e+00
  -9.98771139557825e+00
  -5.84629044077169e+00
  -6.51429445684621e+00
  -1.10936890626901e+01
  -1.09358233829509e+01
  -6.20394354878877e+00
  -1.17803758270922e+01
  -3.65363579713553e+00
  -1.18609749346971e+01
  -8.47660009049755e+00
  -9.26155193165791e+00
  -8.28571511520672e+00
  -1.13168935402965e+01
  -8.32774941680704e+00
  -8.90131463025605e+00
  -1.42355018133086e+01
  -8.74948624746971e+00
  -5.35782660222972e+00
   7.52084043543483e-01
  -8.31523827979176e+00
  -1.56846818467867e+01
  -4.43354688142328e-02
  -1.04861661024726e+01
  -8.09792726741684e+00
  -7.90282219764699e+00
  -1.10847108784666e+01
  -7.96382763811302e+00
  -9.12891892984057e+00
  -6.74661908215889e+00
  -1.36008354984680e+01
  -9.39545521315190e+00
  -8.81657830339841e+00
  -6.07072269759478e+00
  -7.97038372248530e+00
  -6.09915172372816e+00
  -1.05092128533526e+01
  -9.73036055828211e+00
  -9.27128514323081e+00
  -8.41135293463517e+00
  -8.04010250295428e+00
  -7.27191267756930e+00
  -7.51294442594294e+00
  -7.12879570286000e+00
  -6.63119123633728e+00
  -3.92575800493355e+00
  -6.05569314235176e+00
  -4.84916887097293e+00
  -3.26871608914112e+00
  -4.86414889677158e+00
  -3.98841430204279e+00
  -3.70154516859579e+00
  -6.49386266694287e+00
  -3.55255018194762e+00
  -5.22415869710053e+00
  -2.54816407885678e+00
  -6.93779743392874e+00
  -3.17982103625504e+00
  -7.56276127131891e+00
  -8.72245287551700e+00
  -7.07089655757877e+00
  -4.71705490775471e+00
  -4.25487459839055e+00
  -3.22283843121036e+00
  -2.33215341935115e+00
  -1.12740394311836e+00
  -1.96512761666249e+00
  -2.07859711336746e+00
  -4.13084366669786e+00
  -2.88107954716829e+00
  -1.18511153474096e+00
  -1.54089095666145e+00
  -1.83532676874997e+00
  -1.15286305623081e+00
  -9.98938909569141e-01
  -1.30663731691507e+00
  -2.09341723999310e+00
  -3.23345247525972e+00
  -1.96036103776273e+00
  -5.42197016792138e+00
  -2.74877832717643e+00
  -1.59906217009770e+00
  -1.80367194539863e+00
  -2.00821841495704e+00
  -2.25592145348778e+00
  -2.44168237273620e+00
  -7.99963780737848e+00
  -3.19552460842638e+00
  -2.88638990412815e+00
  -2.36618968511643e+00
  -2.67806251441393e+00
  -8.28476600309764e+00
  -3.72694462767790e+00
  -3.30293991083558e+00
  -5.26718718607221e+00
  -5.53672331594421e+00
  -7.01838556527414e+00
  -7.46741544458850e+00
  -7.56829893301451e+00
  -8.72008324389221e+00
  -7.93874263279954e+00
  -8.81185166448099e+00
  -4.61238054679975e+00
  -6.46098535254091e+00
  -1.02700997614048e+01
  -9.54731075940722e+00
  -7.39289052861218e+00
  -5.61586489789911e+00
  -6.30083436186319e+00
  -1.20146881439352e+01
  -1.20550189963152e+01
  -1.19608115478142e+01
  -9.22181531260244e+00
  -1.12609283634894e+01
  -9.14632424338301e+00
  -1.37105803999103e+01
  -5.40131070360211e-01
  -9.51941748286040e+00
  -7.80259150218094e+00
  -8.04975515721630e+00
  -1.33547488849755e+01
  -7.86940567964771e+00
  -1.07430049593032e+01
  -1.47570606311175e+01
  -1.37163153887824e+01
  -7.32108005562090e+00
  -1.47806549958742e+01
  -1.15754901364282e+01
  -7.69654988635843e+00
  -9.88793231477680e+00
  -8.43561698728458e+00
  -2.94151902426997e+00
  -9.85225534564884e+00
  -1.45574145914080e+01
  -1.42710266295664e+01
  -1.74945034044335e+00
  -1.08390064070674e+01
  -7.21676278218106e+00
  -1.04369760583351e+01
  -1.10575737836454e+01
  -1.28379764433331e+01
  -1.26110878792216e+01
  -4.92115168968589e+00
  -1.16221441570671e+01
  -6.34116241336337e+00
  -6.07956733357164e+00
  -6.03899981202553e+00
  -8.44309389377408e+00
  -6.17232196589989e+00
  -1.14001601685769e+01
  -1.10870661312530e+01
  -8.21501030348750e+00
  -4.71326715067712e+00
  -5.06328496004166e+00
  -7.64837634252140e+00
  -5.61455608227257e+00
  -7.71786058358807e+00
  -7.78709816132427e+00
  -4.02776701658618e+00
  -7.48109530896650e+00
  -6.14402373590487e+00
  -5.47888105496363e+00
  -4.85333455113428e+00
  -4.78712954130437e+00
  -4.96169519238642e+00
  -6.97474600759428e+00
  -4.70016845730165e+00
  -6.44981498458869e+00
  -3.90464684895428e+00
  -3.90178096530158e+00
  -3.96631197364436e+00
  -3.40260654253066e+00
  -3.69424647652445e+00
  -3.28693791653600e+00
  -8.38226177753236e+00
  -2.34299415597811e+00
  -2.68036804353337e+00
  -2.55115513662909e+00
  -1.96933246039330e+00
  -2.21627912349882e+00
  -7.22069335248229e+00
  -1.86968353055740e+00
  -2.13845959002278e+00
  -2.09573851574000e+00
  -2.83182215362935e+00
  -5.65054169297505e+00
  -6.31837267952428e+00
  -1.73812018393542e+00
  -1.30063087954945e+00
  -3.68620555301200e+00
  -4.51899580419572e+00
  -2.78753323428568e+00
  -2.84193593471095e+00
  -6.15863703737113e-01
  -1.50260246874418e+00
  -1.00491877206800e+00
  -2.58624992155469e+00
  -3.35411520132689e+00
  -1.46831176758419e+00
  -2.32091060346115e+00
  -3.51285361235491e+00
  -6.05822406924667e+00
  -7.93100454532955e+00
  -3.94742637157301e+00
  -4.20839159624770e+00
  -3.57726150744761e+00
  -3.47666392597980e+00
  -7.61589197130356e+00
  -7.32305155950976e+00
  -3.68920719971279e+00
  -3.80411033930536e+00
  -3.97724748139276e+00
  -4.57616537586014e+00
  -4.31236261796052e+00
  -6.31727057944695e+00
  -6.63652507019756e+00
  -6.13123624842424e+00
  -8.77186957123663e+00
  -9.61332375744328e+00
  -7.64980868853777e+00
  -1.01159357582757e+01
  -9.45624402837361e+00
  -4.91837626328484e+00
  -1.27468157701370e+01
  -1.26131089798575e+01
  -9.72512797951290e+00
  -8.21891921962938e+00
  -7.04078654615309e+00
  -6.97735153613316e+00
  -9.74794738654887e+00
  -1.04596265338243e+01
  -1.14458853395573e+01
  -1.43945556367354e+01
  -8.66863171537184e+00
  -1.95633107096833e+00
  -9.75585679189785e+00
  -1.28197176188079e+01
  -1.52954829696538e+01
  -9.67056493305713e+00
  -1.06773036608130e+01
  -9.01275018112224e+00
  -8.35306285767651e+00
  -1.51485611952322e+01
  -1.31503917817182e+01
  -1.26324917251478e+01
  -8.78687220445877e+00
  -1.00607909205647e+01
  -1.45892869305127e+01
  -8.17438890847748e+00
  -1.18552797384920e+01
  -1.25594408424914e+01
  -1.25421959843690e+01
  -4.21316530187973e+00
  -1.03775525905432e+01
  -7.58114668118787e-01
  -1.07811690777763e+01
  -7.52413333392192e+00
  -5.83922362696662e+00
  -1.10000030072198e+01
  -1.08909134032812e+01
  -1.05418447846515e+01
  -1.06513099081978e+01
  -9.90406538258789e+00
  -6.73370911384532e+00
  -7.92247086065722e+00
  -4.76415417211606e+00
  -7.60948300586201e+00
  -6.24889018134504e+00
  -7.31350084139117e+00
  -6.07576236119180e+00
  -6.11471911850836e+00
  -6.07448518543074e+00
  -3.72217730053685e+00
  -5.66177280550996e+00
  -5.37898156354381e+00
  -7.30681396513241e+00
  -7.58382219031241e+00
  -2.69282128309364e+00
  -8.42500740462506e+00
  -8.22664628331872e+00
  -7.59913103557587e+00
  -8.07278510343090e+00
  -6.65603575338005e+00
  -8.16712789274711e+00
  -5.15148875752779e+00
  -7.62044876158520e+00
  -7.85524737335359e+00
  -2.59217841142722e+00
  -1.06728567601217e+00
  -8.27608311769062e-01
  -4.46775060391624e+00
  -2.04437187029193e+00
  -6.96678610264961e-01
  -7.80886388733187e-01
  -2.93933066764944e+00
  -2.98155208850781e+00
  -8.35161145763913e-01
  -3.96563272971357e+00
  -3.97643588395035e+00
  -1.25254892551234e+00
  -3.38246377328610e+00
  -2.42233248614789e+00
  -6.35744238498696e+00
  -7.73498979084175e+00
  -3.96208411721923e+00
  -3.68707131079568e+00
  -4.06457214131401e+00
  -5.40550166441258e+00
  -7.29245153162005e+00
  -4.69154081275442e+00
  -5.06851854914580e+00
  -4.22718851540062e+00
  -4.73285828605562e+00
  -6.81987407056945e+00
  -7.47207883985916e+00
  -5.82304243885951e+00
  -5.99421977381930e+00
  -1.11553791666749e+01
  -8.80005264453680e+00
  -7.58050664643101e+00
  -8.00349528409165e+00
  -8.14094686957937e+00
  -1.15592659136238e+01
  -1.28408378287160e+01
  -7.44418241959843e+00
  -6.09704922229334e+00
  -1.30613484126881e+01
  -1.26987568360247e+01
   1.41077640375065e+00
  -1.19057126112094e+01
  -7.45919840165620e+00
  -1.23151264598474e+01
  -1.20731616030381e+01
  -1.30427757198132e+01
  -1.02482725350993e+01
  -6.94405559807742e+00
  -1.19920981665784e+01
  -1.39582156539829e+01
  -1.46085249385207e+01
  -1.22656536089463e+01
  -7.31869154614423e-01
  -1.14891454991122e+01
  -7.73329997401483e+00
  -1.16145908310129e+01
  -1.26959291836185e+01
  -8.77620529555238e+00
  -9.95266460973576e+00
  -1.33021243623572e+01
  -1.23678835493676e+01
  -4.02189833112893e+00
  -1.23688670307585e+01
  -9.12095606457492e+00
  -9.48057414580867e+00
  -5.63188013873892e+00
  -4.68249912308615e+00
  -4.68489215510012e+00
  -7.08489714330349e+00
  -1.22928332940857e+01
  -1.19489309927614e+01
  -8.48801865077726e+00
  -1.17393339096763e+01
  -1.06715114208183e+01
  -9.50842271955403e+00
  -5.88901159672710e+00
  -1.04961866113255e+01
  -7.98593770542461e+00
  -9.51688684277465e+00
  -7.78102405659788e+00
  -8.64810075512118e+00
  -9.15561159057156e+00
  -7.52716466336928e+00
  -7.05826825038380e+00
  -5.12055583245378e+00
  -7.11450013446588e+00
  -5.74317671185704e+00
  -4.00952448304374e+00
  -6.74577968944427e+00
  -2.61089400479173e+00
  -2.42710469593399e+00
  -2.62879204084052e+00
  -8.13169925559955e+00
  -3.73487693464917e+00
  -3.33230746335553e+00
  -7.70012439173493e+00
  -3.53108183608961e+00
  -2.23643670816195e+00
  -7.49910751095208e+00
  -5.43151196223712e+00
  -2.45461722484756e+00
  -4.77320846369744e+00
  -3.60781477414471e+00
  -4.96060309259655e-01
  -4.20810103833824e+00
  -1.48521594281569e+00
  -6.25920156136012e+00
  -5.96709286411092e+00
  -6.94201293209439e+00
  -7.69150240633658e+00
  -2.47490700013182e+00
  -5.77481216924675e+00
  -5.99542694982042e+00
  -3.86350371776111e+00
  -7.05659358000880e+00
  -3.23591787870023e+00
  -6.48343645921991e+00
  -5.55187875289371e+00
  -5.07322403878711e+00
  -7.56256384289295e+00
  -7.07978751161968e+00
  -5.11625561810811e+00
  -7.04097025360093e+00
  -6.60987080087502e+00
  -9.91574580822012e+00
  -6.50029465956245e+00
  -6.18875497967488e+00
  -8.92270818183911e+00
  -1.22436263635192e+01
  -8.17404466116309e+00
  -1.25215735917974e+01
   2.41991122637508e-02
  -9.28627474209784e+00
  -7.43092985563558e+00
  -8.51898799670303e+00
  -1.29362194519528e+01
  -1.38570664969249e+01
  -5.62596179866809e+00
  -1.34719283534734e+01
  -1.00257704854213e+01
  -6.84144105099144e+00
  -8.61390887074244e+00
  -1.35642162167270e+01
  -1.35067086252631e+01
  -1.39905475621701e+01
  -1.24072956133288e+01
  -8.19576536324271e+00
  -1.21310087200156e+01
  -4.32827934770025e+00
  -8.42240951297676e+00
  -6.83597470684540e+00
  -5.63376359010285e+00
  -1.29427499411660e+01
  -9.62286227555446e+00
  -7.39657103991626e+00
  -1.17899900058630e+01
  -7.18468724352001e+00
  -1.17590636309470e+01
  -8.68731287540336e+00
  -6.29483331855149e+00
  -1.03588258068241e+01
  -8.14969594178742e+00
  -6.11817493418962e+00
  -7.03598148278083e+00
  -7.27026960415437e+00
  -5.01560982896458e+00
  -6.68309114685976e+00
  -5.00481729532944e+00
  -6.92549140349834e+00
  -5.82802187278426e+00
  -5.93953195026111e+00
  -5.08770607203510e+00
  -5.02739473036777e+00
  -5.40286257501898e+00
  -5.58637767690848e+00
  -3.10891201644076e+00
  -3.56549948815805e+00
  -2.61428723261738e+00
  -5.85809999375592e+00
  -4.52161852309396e+00
  -2.12559646446075e+00
  -3.76875487612247e+00
  -7.46218735647880e-01
  -3.26263812779339e+00
  -2.12715542707806e+00
  -1.02657512980763e+00
  -5.36051516811235e+00
  -2.37205358322094e+00
  -3.70901311394768e+00
  -4.58182536750351e+00
  -6.72026155142171e+00
  -6.37519381658344e+00
  -7.28321902746225e+00
  -7.45138517114278e+00
  -6.62388859689977e+00
  -3.94629282417022e+00
  -3.97825546166055e+00
  -6.49064243867465e+00
  -5.67923422925937e+00
  -6.71866258297464e+00
  -6.97015190365541e+00
  -6.19562248815250e+00
  -6.16185970589790e+00
  -4.01372159722919e+00
  -1.11227721423885e+01
  -1.00537338516771e+01
  -1.15600798788447e+01
  -7.12639979065821e+00
  -1.21531135797651e+01
  -7.27594875396257e+00
  -6.66998609468387e+00
  -1.20297795686239e+01
  -1.15403470662015e+01
  -1.26594663287589e+01
  -3.48584332585610e+00
  -1.20155493107260e+01
  -1.10837548883948e+01
  -1.29787030023719e+01
  -1.30570335722579e+01
  -1.35296435344200e+01
  -1.28116133509676e+01
  -1.34618263425720e+01
  -1.22767279748442e+01
  -1.29005910545940e+01
  -9.30246361404820e+00
  -1.26201872426774e+01
  -3.20057440877385e+00
  -1.32006547133953e+01
  -8.63824156168371e+00
  -1.21830751582676e+01
  -1.27335925003619e+01
  -1.27694183934265e+01
  -8.32745750154495e+00
  -1.25296060872726e+01
  -5.41665931615093e+00
  -5.22554071343756e-01
  -1.14929741107827e+01
  -1.19549627022335e+01
  -1.07257793455202e+01
  -1.13151345339785e+01
  -2.36609964768754e+00
  -6.72463975209589e+00
  -5.23427363499118e+00
  -4.16893413999710e+00
  -5.30712140049140e+00
  -4.71441044929556e+00
  -7.83338259580810e+00
  -1.00576163761699e+01
  -6.19144072855684e+00
  -6.93515841672629e+00
  -6.19165644448835e+00
  -6.78879465586683e+00
  -7.34671210401225e+00
  -5.19602730967940e+00
  -6.72436815480901e+00
  -7.65603833598029e+00
  -3.13009378465645e+00
  -4.05696109647501e+00
  -3.07242725762912e+00
  -7.19174906474486e+00
  -5.96094106477644e+00
  -4.59478116648293e+00
  -1.09894734433433e+00
  -2.91654864259649e+00
  -7.03626853632294e-01
  -1.72148692755322e+00
  -1.20759638335508e+00
  -1.15525185268248e+00
  -3.77133471246588e-01
  -5.51387426602695e-01
  -2.90026329997468e+00
  -2.41533295316835e+00
  -8.55480843628492e-01
  -1.57348475778158e+00
  -3.91138591054109e+00
  -3.49510316724186e+00
  -5.53520394631428e+00
  -3.44409930545148e+00
  -6.60199380391455e+00
  -6.31521799642464e+00
  -2.26215772221089e+00
  -6.64310763800963e+00
  -4.50215051276623e+00
  -5.96073949069173e+00
  -6.36565423381776e+00
  -6.20239351256637e+00
  -7.09387208003968e+00
  -7.04412597638943e+00
  -5.59039210826008e+00
  -3.68630377618879e+00
  -7.00425049747914e+00
  -7.13455020964752e+00
  -4.24946995491077e+00
  -4.37554729010949e+00
  -5.82157738118362e+00
  -4.50170114839616e+00
  -4.47039736073671e+00
  -5.96541200196420e+00
  -6.47881466209960e+00
  -5.60183811211041e+00
  -6.13916887558312e+00
  -5.92611493430845e+00
  -6.16689926369795e+00
  -6.97930459997146e+00
  -6.33047197185001e+00
  -7.23135030005701e+00
  -6.98876341210430e+00
  -7.32064961042320e+00
  -6.42404467353949e+00
  -6.86245832840464e+00
  -6.30978230891210e+00
  -6.44591714140838e+00
  -6.38931398112541e+00
  -7.85081387526511e+00
  -1.93373670650467e+00
  -1.01283860573486e+01
  -6.60198834223970e+00
   1.87870015466479e-01
  -7.07675046693034e+00
  -9.38444674007692e+00
  -1.97129622407297e+00
  -3.40558705912294e+00
  -1.07037535040573e+01
  -6.71449934403349e+00
   3.36420048475566e-01
  -8.94691255089960e+00
  -1.14144061189646e+01
  -6.81536365169372e+00
  -5.90759284781066e+00
  -1.14174580251157e+01
  -1.18786138146711e+00
  -8.68126664255137e+00
  -1.11568423608870e+01
  -8.73051653698817e+00
  -7.16382191359039e+00
  -7.02628223358183e+00
  -1.20553492166975e+01
  -7.76623863717682e+00
  -1.23125108912829e+01
  -1.18846937053460e+01
  -1.24336714243865e+01
  -1.16362290813041e+01
  -1.25998960533335e+01
  -1.25341552237016e+01
  -1.25897864593154e+01
  -1.25074678194407e+01
  -1.23356194370528e+01
  -7.57507914925932e+00
  -7.84861088794437e+00
  -1.27078172944804e+01
  -6.24730630068748e+00
  -1.01180797908993e+01
  -1.25309574035411e+01
  -9.60272095158793e+00
  -5.37937041804903e+00
  -1.27267885185658e+01
  -9.34657498481479e+00
  -1.22908055987720e+01
  -1.19936296778261e+01
  -7.83550527697494e+00
  -1.10171905699273e+01
  -1.22679670864356e+01
  -9.29615930448031e+00
  -9.58064943643799e+00
   2.42624843866984e+00
  -4.13385762534212e+00
  -1.08810864557737e+01
  -1.09060117086157e+01
  -1.14794686859197e+01
  -6.87907327108783e+00
  -1.10851153888772e+01
  -4.48407520865126e+00
  -1.10201428050542e+01
  -1.11160891978526e+01
  -6.33943092830955e+00
  -1.06366044939106e+01
  -9.96478136251803e+00
  -6.81774016353224e+00
  -1.01786569536527e+01
  -6.59677959607429e+00
  -4.58806702532379e+00
  -6.51625045846608e+00
  -6.64319886990065e+00
  -6.71081510782565e+00
  -6.14673150269859e+00
  -6.32822507012329e+00
  -5.99100928226030e+00
  -6.66756508568064e+00
  -5.80972694122843e+00
  -6.17544158195337e+00
  -5.68456130373229e+00
  -6.30146700771925e+00
  -4.72649788733556e+00
  -4.93085883723247e+00
  -4.33960505107202e+00
  -4.94554485449876e+00
  -6.68040837475396e+00
  -6.18067316669035e+00
  -5.32816081380056e+00
  -4.11117087083689e+00
  -6.98372218892850e+00
  -3.32267838917610e+00
  -6.48435736896695e+00
  -3.77472472774493e+00
  -3.82680200933387e+00
  -5.15561673560946e+00
  -2.68690673575215e+00
  -4.11233976725193e+00
  -5.29950109851975e+00
  -3.16456315805149e+00
  -6.80647952409267e+00
  -4.83103673996916e+00
  -3.53152818161939e+00
  -3.88622692726963e+00
  -6.83163686422554e+00
  -6.58578019325355e+00
  -2.60727998312100e+00
  -5.29668765990132e+00
  -4.83427073059752e+00
  -3.93793670953905e+00
  -2.80072597953144e+00
  -2.15829563408911e+00
  -3.47286962231387e+00
  -4.51745124997537e+00
  -2.67580140722125e+00
  -2.62198878066024e+00
  -3.59904100131112e+00
  -3.14624134512919e+00
  -2.55522255928022e+00
  -1.10053263384466e+00
  -1.63970831068505e+00
  -1.87536652866506e+00
  -9.03515299850505e-01
  -5.95292209172066e-01
  -5.44463796731315e-01
  -1.19737803380226e+00
  -2.40787885018940e+00
  -2.11472362121563e+00
  -2.39640035752850e+00
  -2.58978293673786e+00
  -1.00489630004554e+00
  -3.13616018562166e+00
  -1.95168637543170e+00
  -2.49313710586116e+00
  -4.70762988246329e+00
  -1.86226155584259e+00
  -5.17163206869477e+00
  -4.83651107261644e+00
  -5.29968906342597e+00
  -5.03213530492680e+00
  -2.75991531835566e+00
  -6.10791629659084e+00
  -5.28672403116539e+00
  -5.56547833728850e+00
  -3.76128115109091e+00
  -3.74105629853980e+00
  -6.48104497186900e+00
  -4.29956136507294e+00
  -6.62489227721303e+00
  -6.63322728895232e+00
  -6.81912192399900e+00
  -6.12439849774923e+00
  -3.95294142186608e+00
  -4.90489665606597e+00
  -4.99711796029182e+00
  -4.26330263802279e+00
  -5.54432847833063e+00
  -6.94282845402918e+00
  -4.71768450314280e+00
  -5.95637014981471e+00
  -5.95226351211672e+00
  -6.32922033640548e+00
  -6.10913698643267e+00
  -6.72563147860196e+00
  -7.26018127489547e+00
  -6.41108741286566e+00
  -6.03601182479829e+00
  -5.64681367848984e+00
  -7.67316614158894e+00
  -6.17297061590684e+00
  -5.94063124459276e+00
  -5.91907071071469e+00
  -7.43682944472234e+00
  -5.69221106507862e+00
  -7.35732418889634e+00
  -6.87553395819955e+00
  -6.20333659126950e+00
  -5.24561392722639e+00
  -6.17738195906818e+00
  -2.59132649440212e+00
  -7.15413601270407e+00
  -6.66076393957533e+00
  -6.54993652975386e+00
  -7.80937213954453e+00
  -4.89222819424790e+00
  -2.96137517476304e+00
  -6.36642057978329e+00
  -7.01340264243677e+00
  -2.42800226424983e+00
  -6.58773709461379e+00
  -6.68802757039352e+00
  -6.98365297033356e+00
  -6.67420692826377e+00
  -7.66926491486097e+00
  -7.21925144265165e+00
  -6.81570430043316e+00
  -8.66439876650397e+00
  -1.04512233567531e+01
  -1.00988591153593e+01
  -9.77247217925574e+00
  -1.18656553880638e+01
  -1.17058518744072e+01
  -1.17472344290801e+01
  -7.40376497493266e+00
  -9.95204321467022e+00
  -9.95603642380424e+00
  -6.25667900231670e+00
  -7.79238297824045e+00
  -7.88551707510956e+00
  -7.42587180760361e+00
  -1.21138676154343e+01
  -1.20818454520160e+01
  -1.23650394038206e+01
  -1.13823831696519e+01
  -1.03421996106219e+01
  -1.20232435302425e+01
  -9.91596584597951e+00
  -1.14113978452989e+01
  -7.94228363762081e+00
  -1.12600499140709e+01
   7.07436993585225e-01
  -7.25711841210718e+00
  -7.37797109394173e+00
  -1.06164714057596e+01
  -6.80862318386894e+00
   2.00216383214730e-01
  -1.00613850040501e+01
  -6.42251454620159e+00
  -6.55841314281511e+00
  -6.70664269592557e+00
  -4.34067693036845e+00
  -4.76934906069723e+00
  -2.68514879072350e+00
  -4.85750616981854e+00
  -4.83287876512272e+00
  -6.67242717637159e+00
  -7.26311231233844e+00
  -7.33365735553357e+00
  -6.22730493078884e+00
  -6.60518594880536e+00
  -6.64522844257058e+00
  -5.77769850770815e+00
  -6.50450880158055e+00
  -7.39543775672168e+00
  -6.94661798443954e+00
  -6.71455930620064e+00
  -7.41793589653221e+00
  -6.69764584200416e+00
  -7.39247650259053e+00
  -6.75453111637958e+00
  -6.95155307763266e+00
  -6.78838128600014e+00
  -6.66822875558332e+00
  -5.58907999344151e+00
  -3.78303452740433e+00
  -6.86041545839921e+00
  -6.68050575735301e+00
  -3.94946271192944e+00
  -4.74122301094135e+00
  -6.68921454876831e+00
  -4.22237544663326e+00
  -4.11975226687368e+00
  -4.46158413886601e+00
  -2.65859452477721e+00
  -2.17465337119315e+00
  -1.65836293618590e+00
  -4.49823313670927e+00
  -4.22634277880129e+00
  -1.34406691296058e+00
  -1.00616049893156e+00
  -2.44864998890912e+00
  -7.71192608780574e-01
  -4.49863120624422e-01
  -1.11486402612095e+00
  -1.16923360595515e+00
  -2.30893215967549e+00
  -1.81640635063027e+00
  -1.17320971686163e+00
  -3.94855216339615e+00
  -3.68933761281746e+00
  -2.38163179236303e+00
  -1.64743007777283e+00
  -2.35529121231061e+00
  -4.52134069097078e+00
  -3.00395961367863e+00
  -2.09359372887243e+00
  -4.09641017305071e+00
  -1.44716734253884e+00
  -4.42070399986655e+00
  -4.27753650954778e+00
  -2.92704989793415e+00
  -2.63790601539690e+00
  -5.36788132825145e+00
  -4.22823437785078e+00
  -5.76160935830480e+00
  -3.53853915536015e+00
  -5.24191983166397e+00
  -5.98052089740954e+00
  -2.97219466516176e+00
  -6.10433837105952e+00
  -5.22352838559905e+00
  -3.15865069286169e+00
  -5.90542748651310e+00
  -6.18789820353791e+00
  -6.04366873149879e+00
  -5.94776806857149e+00
  -6.43242425893200e+00
  -6.06729226520579e+00
  -6.13811743845340e+00
  -5.50228490816075e+00
  -6.51675353788883e+00
  -6.72651675564261e+00
  -6.39841468892805e+00
  -5.40109525882976e+00
  -5.65284411487405e+00
  -6.84452363417145e+00
  -6.71682366485961e+00
  -4.99899842603477e+00
  -5.00794925490859e+00
  -5.55640683597553e+00
  -5.72695739766382e+00
  -5.56648091952334e+00
  -5.05041445991005e+00
  -6.50221496160534e+00
  -5.12781949019804e+00
  -1.07913079599847e-01
   1.96531453247267e+00
  -4.74526481644639e+00
  -6.39835090611009e+00
  -6.70087969461670e+00
   3.06084032891568e-01
  -4.94543270595764e+00
   2.61806488669286e+00
  -7.14581070843374e+00
  -1.01672354401755e+01
  -1.08727460362926e+01
  -7.52801038771317e+00
  -1.14714647961220e+01
  -9.77477083771114e+00
  -7.37391699945797e+00
  -2.06929944964409e+00
  -7.48935413867834e+00
  -1.14990957198044e+01
   3.78717038270998e-01
  -1.17354024483431e+01
  -1.08720778519311e+01
  -1.16471828055038e+01
  -9.63589491921916e+00
  -1.03549113065439e+01
  -9.88266122663767e+00
  -8.06270725716708e+00
  -7.35520183717122e+00
  -1.14614347770695e+01
  -1.12983300963234e+01
  -1.05584495039322e+01
  -1.08826363787868e+01
  -3.82052503487935e+00
  -9.90028470392567e+00
  -1.05965206026068e+01
   2.08358222957108e+00
  -9.97792744843459e+00
  -6.70159787278785e+00
  -1.02246901178288e+01
  -7.02166164793120e+00
  -6.67598767411996e+00
  -1.01452085032262e+01
  -7.58438631499680e+00
  -7.26950649473943e+00
  -6.87948340760990e+00
  -3.18887137635479e+00
  -5.84850048863623e+00
  -3.84304772065584e+00
  -2.56397031799602e+00
  -5.21896154901619e+00
  -5.34364848304826e+00
  -5.41839333883140e+00
  -7.65220441508895e+00
  -5.42008341481883e+00
  -7.58552265748144e+00
  -6.15888079640549e+00
  -5.73339321677772e+00
  -6.01030360104155e+00
  -6.42292056275814e+00
  -6.41806736658432e+00
  -6.82394485921500e+00
  -4.18016959752927e+00
  -5.75629970752211e+00
  -5.67752834336638e+00
  -5.64760054431567e+00
  -3.72663839426345e+00
  -6.08240552170096e+00
  -5.10863139262178e+00
  -6.14059612365431e+00
  -3.73372778925309e+00
  -3.00992800995041e+00
  -3.56441826257574e+00
  -5.94730809958414e+00
  -4.31953840889869e+00
  -4.58974400035836e+00
  -3.69963516085058e+00
  -5.51331514990047e+00
  -3.19590673749112e+00
  -2.77880696915795e+00
  -3.48111685085237e+00
  -2.39501600650251e+00
  -3.81797483688310e+00
  -3.06040567337200e+00
  -3.08058219685258e+00
  -2.06596708763677e+00
  -1.85464326828801e+00
  -2.72459659673509e+00
  -1.25600217134811e+00
  -2.36588260534895e+00
  -2.26571566712132e+00
  -1.06907968580267e+00
  -4.95084868415824e-01
  -1.46044077103775e+00
  -6.11027246722323e-01
  -6.02726630571987e-01
  -2.48500782405167e+00
  -7.96809308402907e-01
  -2.51265507584699e+00
  -2.14525687134405e+00
  -3.14582324168364e+00
  -3.11799240042469e+00
  -3.00962964512032e+00
  -2.57959729884456e+00
  -4.08513459848032e+00
  -3.82825691641224e+00
  -4.57118431105223e+00
  -4.09460877077358e+00
  -4.48584922201840e+00
  -2.58714839345353e+00
  -5.53279473689067e+00
  -5.27704622289470e+00
  -5.89187814008178e+00
  -5.00357549586547e+00
  -4.19808765510347e+00
  -6.74627586432430e+00
  -6.28973315482121e+00
  -6.15387467258565e+00
  -5.57873023058996e+00
  -6.04857966869454e+00
  -7.15762155387815e+00
  -5.05780595500178e+00
  -4.88245255565666e+00
  -4.72665877346949e+00
  -6.97130848239717e+00
  -4.95053718378508e+00
  -5.61103976825429e+00
  -5.30826857317074e+00
  -7.71724223935430e+00
  -5.75449304020290e+00
  -6.16886866669952e+00
  -1.80107413912915e+00
  -5.85860712902481e+00
  -5.85715361390535e+00
   2.71325544955153e-01
  -5.68551413533364e+00
  -4.66063838522054e+00
  -6.77959982502593e+00
   2.62885646458549e+00
  -7.14199657275835e+00
  -1.04834414971348e+01
  -1.06128085367883e+01
  -1.08839950567555e+01
  -7.08694654552723e+00
  -7.54136746478175e+00
  -1.08267255908769e+01
  -6.97956574848299e+00
  -1.10583059849970e+01
  -1.09396098491371e+01
  -1.05834308148671e+01
  -1.00843929802151e+01
  -7.33941650840657e+00
  -6.83559087711651e+00
   2.79600445495894e+00
   4.36855720765002e+00
  -6.55164739419811e+00
  -5.18425747041797e+00
  -6.98334433746745e+00
  -1.79992220326690e+00
   8.80794279426944e-02
  -5.72533952982590e+00
  -5.29378303563967e+00
  -6.61472065974899e+00
  -6.40185357138685e+00
  -6.61634156222967e+00
  -6.39406295404947e+00
  -5.99149968905672e+00
  -6.98132756243390e+00
  -5.57448522964401e+00
  -7.25322501524183e+00
  -5.36715233598366e+00
  -6.80445648493710e+00
  -5.08091809270732e+00
  -4.15221819731337e+00
  -4.19390539355768e+00
  -4.11911818865442e+00
  -3.46311457711558e+00
  -4.26633642506126e+00
  -6.71993347105777e+00
  -5.85627432668311e+00
  -6.42694970270818e+00
  -5.12935815850974e+00
  -4.86553313940853e+00
  -2.19935731955425e+00
  -4.80986308080824e+00
  -3.57991479839634e+00
  -3.63950244191906e+00
  -3.58959215942300e+00
  -3.44750572311036e+00
  -1.46010968554415e+00
  -2.81250555097736e+00
  -2.67620038981399e+00
  -2.35731324624717e+00
  -3.19864376661749e+00
  -1.08277900700082e+00
  -1.60403635946673e+00
  -1.45105364655060e+00
  -1.23972808042631e+00
  -1.87289429571515e+00
  -1.37665759596907e+00
  -1.48275985980867e+00
  -1.24045799869614e+00
  -6.44247197655340e-01
  -1.44127122801742e+00
  -2.29039906292578e+00
  -1.86338136839745e+00
  -1.75319742328079e+00
  -2.67791547845186e+00
  -2.79207614813381e+00
  -2.70451980719295e+00
  -3.33034615501597e+00
  -3.38095655762040e+00
  -3.52178378535350e+00
  -1.70712226391438e+00
  -3.13823223610520e+00
  -4.40989518034180e+00
  -5.76627459659826e+00
  -5.40911367303047e+00
  -6.20038675523042e+00
  -3.05366073160635e+00
  -4.35910591710049e+00
  -2.56098509640574e+00
  -4.66220964418349e+00
  -2.79766525421487e+00
  -3.21051266672307e+00
  -3.71599555181469e+00
  -6.69564433504470e+00
  -4.47898276264291e+00
  -6.01165555779894e+00
  -7.25651534113163e+00
  -6.84038293714743e+00
  -6.32250709614632e+00
  -5.86673387132046e+00
  -5.82624419190247e+00
  -7.50690683836106e+00
  -5.66790678963948e+00
  -7.63426803140114e+00
  -5.30425849070448e+00
  -7.10809339981019e+00
  -1.94028542321953e+00
  -6.19699600643721e+00
  -5.98239724293685e+00
  -6.67464393210062e+00
  -7.22047866000516e+00
  -5.95355660830969e+00
  -6.73796118490750e+00
  -7.24895026843037e+00
  -7.48569881792854e-01
  -7.49466852190303e+00
  -7.42808827600052e+00
  -7.68077938213005e+00
  -2.74023464076813e+00
  -7.29248725584434e+00
  -6.68633821952349e+00
   2.70568784311840e+00
  -5.68533390029111e+00
  -7.01491267264751e+00
  -7.18037359277710e+00
  -3.76663092073081e+00
  -6.96838285833487e+00
  -5.49249227795749e+00
  -6.75743923567020e+00
  -4.39813481624164e+00
  -5.29363444837522e+00
  -7.37976510345938e+00
  -7.31155509220948e+00
  -7.05812235895260e+00
  -4.14075933327617e+00
  -7.11337606581687e+00
  -3.23111578503281e+00
  -3.90495310972178e+00
  -4.52312791558975e+00
  -5.29937814254404e+00
  -6.75425496225139e+00
  -6.02887993357776e+00
  -2.17914403943646e+00
  -4.55480062431357e+00
  -3.36738360943777e+00
  -3.98852220015137e+00
  -3.89850140885223e+00
  -2.36260464151578e+00
  -3.88235691292189e+00
  -4.74094035708654e+00
  -3.74342033613552e+00
  -4.10066076502439e+00
  -3.90784726140205e+00
  -4.13023758836439e+00
  -1.30461383817796e+00
  -3.88987699298846e+00
  -4.20758263222447e+00
  -2.89647789316782e+00
  -2.44306912064453e+00
  -1.98389003545267e+00
  -1.71749507131531e+00
  -1.08485799117639e+00
  -1.19255560540218e+00
  -8.22841665816804e-01
  -8.08742254193157e-01
  -1.70214128277998e+00
  -2.14454790549021e+00
  -2.28920201924134e+00
  -1.89218578512659e+00
  -2.96961404302160e+00
  -4.01222143778718e+00
  -1.45733781183403e+00
  -2.59456384597720e+00
  -3.21433537052067e+00
  -5.29010169685457e+00
  -3.60721350899362e+00
  -4.15838013014686e+00
  -3.19349189199706e+00
  -4.30628348422865e+00
  -5.49505929223792e+00
  -4.74206281154161e+00
  -3.91725717680324e+00
  -2.36203899715670e+00
  -3.88666177403516e+00
  -2.90938260087310e+00
  -5.17102773013371e+00
  -2.97241668248184e+00
  -3.61052664851209e+00
  -5.90931700627075e+00
  -5.93738496757774e+00
  -6.33543086133536e+00
  -5.88096996385425e+00
  -5.34831146070169e+00
  -7.79853443392235e+00
  -7.05751455683107e+00
  -7.32930292298001e+00
  -4.88960405824323e+00
  -5.87423189323013e+00
  -5.32261029667020e+00
  -6.96645326928242e+00
  -5.32678640732606e+00
   9.79994300367715e-02
  -6.31507138101292e+00
  -7.67195038173136e+00
  -6.88761650472693e+00
  -7.15227413650987e+00
  -7.08800501414239e+00
  -7.55170727953478e+00
  -7.33494754041126e+00
  -7.94320176156284e+00
  -7.72321215254956e+00
  -1.81995749693137e+00
  -7.22858896511675e+00
  -6.94453693377832e+00
  -5.73401289269364e+00
  -4.76808392841954e+00
  -4.62111037014361e+00
  -4.66491279733796e+00
  -4.34984442823329e+00
  -4.53722833522911e+00
  -4.57135469640357e+00
  -4.20059860672077e+00
  -6.08806368814762e+00
  -5.79615098987156e+00
  -7.74206563765724e+00
  -4.71482185679101e+00
  -7.29248612616097e+00
  -3.62476737435295e+00
  -6.40465782874721e+00
  -7.01759235133445e+00
  -6.60323648874887e+00
  -4.18822325032956e+00
  -5.92214276028621e+00
  -2.77466528001164e+00
  -6.41044422348764e+00
  -5.14316043346221e+00
  -5.26460237288952e+00
  -3.15003643509876e+00
  -5.64681558342650e+00
  -2.90065136242370e+00
  -4.03124341481466e+00
  -2.79366989871883e+00
  -3.16546774989470e+00
  -3.92383488980081e+00
  -2.48823315497170e+00
  -2.72802653783779e+00
  -1.86029489253465e+00
  -1.99505886638158e+00
  -2.12093298635787e+00
  -1.88751293872806e+00
  -1.65405714361364e+00
  -1.00664328020607e+00
  -1.13829704970080e+00
  -8.96569509185746e-01
  -1.40172927841299e+00
  -4.45604072764049e+00
  -5.11068133669974e+00
  -1.41169545364314e+00
  -2.14164036602519e+00
  -2.84048279894173e+00
  -4.11681762403455e+00
  -2.63025946565826e+00
  -3.43697827207429e+00
  -3.71942514696834e+00
  -5.61902168893462e+00
  -7.44692075380422e+00
  -6.00030570932099e+00
  -4.89562879307336e+00
  -4.66179741523242e+00
  -6.96269721687181e+00
  -6.14098801839568e+00
  -5.50233598097216e+00
  -4.38931469442118e+00
  -6.06083732937727e+00
  -7.18336555911187e+00
  -1.08136258557729e+00
  -6.85998183608640e+00
  -5.81655547026380e+00
   6.62990458887712e+00
  -5.00216226094758e+00
  -7.75646953737500e+00
  -7.64312966944922e+00
  -8.14232019375518e+00
  -7.19379292544013e+00
  -7.87635299508033e+00
  -8.01214983369768e+00
  -3.79448979282110e+00
  -6.37998500734207e+00
  -8.17681905494660e+00
  -6.59034884179996e+00
  -7.04997541343723e+00
  -7.85304691531487e+00
  -8.00085670894909e+00
  -5.73691559453359e+00
  -6.91809579453470e+00
  -4.07111967948290e+00
  -6.25733551938460e+00
  -7.23442497111059e+00
  -2.95575744415523e+00
  -3.36230097546754e+00
  -4.72792223591491e+00
  -6.93880280028602e+00
  -2.54926516223272e+00
  -3.30382424343420e+00
  -5.84587888225465e+00
  -3.69690558476045e+00
  -4.58812539391979e+00
  -4.61216108907060e+00
  -2.33913282087010e+00
  -4.03471237617318e+00
  -1.85099358985476e+00
  -2.79126753733558e+00
  -6.74329353156204e+00
  -2.50492487026272e+00
  -3.68096971525042e+00
  -6.18979731594586e+00
  -2.28077270083681e+00
  -4.82800389925992e+00
  -2.94118593063481e+00
  -2.09813573484021e+00
  -1.88015120871491e+00
  -2.67960654342382e+00
  -1.73291025322137e+00
  -1.54779999341749e+00
  -2.63545142073249e+00
  -2.31484417514289e+00
  -9.85325976270496e-01
  -1.73443518598028e+00
  -1.20695406190784e+00
  -2.91989996709085e+00
  -1.30727730273443e+00
  -2.63602604707935e+00
  -1.07206199935185e+00
  -1.34269489197700e+00
  -1.25267860683757e+00
  -5.80185797467416e+00
  -3.66269189640584e+00
  -1.04127917435030e+00
  -6.82704059286984e+00
  -1.35935677013472e+00
  -1.55998023431871e+00
  -2.35976603440499e+00
  -1.57379789605707e+00
  -2.24092095218943e+00
  -7.22402602180787e+00
  -3.46909105099635e+00
  -1.47074949723824e+00
  -2.72456254866406e+00
  -3.30905940603238e+00
  -3.36659454961514e+00
  -2.27642735854638e+00
  -5.88163638918481e+00
  -4.16506935819975e+00
  -5.62982300294529e+00
  -2.50320696469239e+00
  -3.93342752609819e+00
  -5.41902778050749e+00
  -6.88558711704823e+00
  -3.55045019374224e+00
  -7.13816382925338e+00
  -6.73879936481094e+00
  -7.10782825263700e+00
  -5.52368218533494e-02
  -3.14867990708458e+00
  -6.83087295670625e+00
  -8.44489821641596e+00
   3.50589411522456e+00
  -6.40540853235884e+00
  -7.29117285262341e+00
   4.54282769980259e+00
  -6.81877420771266e+00
   6.78190180327952e+00
  -8.58953164496065e+00
   7.68140833537550e+00
  -8.51079127026801e+00
   5.31380429605711e+00
  -8.36491647113157e+00
  -8.33902263330778e+00
  -7.30776913570403e+00
  -7.73627799456713e+00
  -7.89578581276069e+00
  -6.64929489435885e+00
   1.06523318321783e+00
  -2.27249040923120e+00
  -4.16178532305744e+00
   2.02860674251959e-02
  -5.44858013450644e+00
  -7.08196949620665e+00
  -5.60592867405753e+00
  -4.68466425182592e+00
  -7.52670855818828e+00
  -5.94630535345836e+00
  -2.76231748558453e+00
  -2.78682170720381e+00
  -5.05389730338643e+00
  -3.17682477703706e+00
  -7.28377503076822e+00
  -3.80059841857851e+00
  -1.64619367115770e+00
  -2.62993613892754e+00
  -3.36741151996571e+00
  -4.02696712067986e+00
  -4.08853154159183e+00
  -2.26305815943683e+00
  -4.98765389232553e+00
  -6.59366471819262e+00
  -6.32606177117318e+00
  -2.14598878038410e+00
  -1.97760288386612e+00
  -1.07354596453583e+00
  -4.32852316052185e-01
  -1.20494610308392e+00
  -1.29482370767541e+00
  -2.39801611699854e+00
  -2.61006435945014e+00
  -2.41659548299517e+00
  -2.76903700883772e+00
  -4.90080628290721e+00
  -5.26482417209004e+00
  -5.58304158381284e+00
  -8.32938555649115e-01
  -3.24656758028518e+00
  -1.16286602713822e+00
  -1.47313553808012e+00
  -7.29595134528986e+00
  -3.99080638720457e+00
  -6.44693036780077e+00
  -2.12986453956014e+00
  -6.19984007367670e+00
  -6.00586030485297e+00
  -6.66199159664679e+00
  -2.98357884697375e+00
  -6.21632512557803e+00
  -7.08570424575023e+00
  -5.40509739940639e+00
  -4.37265313040293e+00
  -8.19440420264905e+00
  -7.00588262535271e+00
  -3.45233786057101e+00
  -8.71242099206861e+00
  -8.80047266878969e+00
  -6.96404042481313e+00
  -8.61555090387733e+00
  -8.73565383477321e+00
  -7.25849768033108e+00
  -8.05159739703335e+00
   5.76584329391230e+00
  -7.81428933279053e+00
  -8.01329045133038e+00
  -8.71761773692847e+00
  -8.03070096763727e+00
  -8.80301010230064e+00
  -8.77200067507979e+00
  -5.93880024597106e+00
  -6.90644514635019e+00
  -6.61045087104790e+00
  -7.80663128337815e+00
  -6.85043816691555e+00
  -4.35727889740442e+00
  -6.99251329759513e+00
  -6.63129595935438e+00
  -5.07255834416733e+00
  -2.42319715274257e+00
  -3.78109821968715e+00
  -2.81058483620577e+00
  -3.58106804138438e+00
  -2.10938828493831e+00
  -5.17658932952522e+00
  -1.80873481006906e+00
  -3.43736264931899e+00
  -6.65649671974202e+00
  -3.97689407810426e+00
  -2.84915734908659e+00
  -2.06310162337481e+00
  -1.38972300390756e+00
  -2.01709226485868e+00
  -2.36917779266982e+00
  -2.19369776226281e+00
  -3.83217933252504e+00
  -4.35666255510491e+00
  -6.10387418642781e+00
  -4.76250509676370e+00
  -5.41610615576624e+00
  -4.48607538006322e+00
  -6.96843464071130e+00
  -6.77660536874478e+00
  -6.94461410783711e+00
  -6.46883517889287e+00
  -6.84579340837367e+00
  -8.48281541130668e+00
  -8.21342644267965e+00
  -1.41006954987383e+00
  -7.89727620100089e+00
  -5.59150254844931e+00
  -4.65610295833280e+00
  -3.38264927094450e-01
  -8.89402729665940e+00
  -9.01411758019017e+00
  -7.42039529492026e+00
  -9.15227413002790e+00
   6.13951867607361e+00
  -7.68535078410346e+00
  -6.66251153075714e+00
  -9.07458715838325e+00
  -6.22244575243635e+00
   4.17454154143420e+00
  -4.48087252755990e+00
  -3.34565565263724e+00
  -3.91142960862376e+00
  -7.27606649362237e+00
  -4.30788288159342e+00
  -6.23016807492982e+00
  -3.59980341523546e+00
  -1.97100984983913e+00
  -1.64823869925763e+00
  -5.75409270789728e+00
  -3.23441978190126e+00
  -2.07208217680923e+00
  -4.86659548272123e+00
  -1.12308521130139e+00
  -1.82349035158872e+00
  -2.48092773586827e+00
  -2.85459460634152e+00
  -5.92736856216029e+00
  -6.23995113436117e+00
  -5.70067925405888e+00
  -6.79992404103282e+00
  -7.24585863830193e+00
  -5.46670247602756e+00
  -8.03901252473602e+00
  -6.55988317306233e+00
  -8.68465363378996e+00
  -8.20948481974406e+00
  -7.62836129716484e+00
  -7.68737828144290e+00
  -8.62599264645191e+00
  -6.40262066513892e+00
  -5.45474538563135e+00
   4.63986546730289e+00
  -9.06186237048964e+00
   5.84162457693387e+00
  -8.00226202428271e+00
  -3.05109243734855e+00
  -8.57732162331481e+00
  -9.36397640333248e+00
  -6.25934388652618e+00
  -8.97363669003803e+00
  -6.75227105660647e+00
  -7.89816545216959e+00
  -7.34695051624762e+00
  -6.72142763031311e+00
  -7.03405855072938e+00
  -7.05433165493027e+00
  -6.01409293993506e+00
  -3.02581861634203e+00
  -3.54696403372523e+00
  -7.27230141449959e+00
  -3.38206004090275e+00
  -2.62371582053597e+00
  -2.15798078450839e+00
  -3.60556377327989e+00
  -5.17709372193999e+00
  -5.24329604814661e+00
  -4.12223486347025e+00
  -3.02228965418558e+00
  -3.18978164378600e+00
  -2.20669964201911e+00
  -2.72191000929902e+00
  -2.51357777929948e+00
  -6.20764246151261e+00
  -1.98205571521989e+00
  -3.63396831745299e+00
  -5.96000670910521e+00
  -5.97796684497475e+00
  -7.58085916605446e+00
  -5.54987254405128e+00
  -7.10770343008257e+00
  -2.89536999588031e+00
  -8.29191428839217e+00
  -5.87735940015727e-01
  -1.28852550209026e+00
  -8.72387214095320e+00
  -9.55142389935568e+00
  -9.72314926535469e+00
  -8.89922846486947e+00
  -8.56025049284576e+00
  -9.87418680107034e+00
  -8.62031791724271e+00
  -7.82963020038474e+00
  -9.13771783553707e+00
  -8.43179975746275e+00
  -9.79575983136251e+00
  -5.17308643164520e+00
  -8.53251816043589e+00
  -9.79450884622943e+00
  -9.73931988174549e+00
   4.03771958907860e+00
  -9.24897075029471e+00
  -2.70043468341023e+00
   3.13286484933165e+00
  -9.04282208242343e+00
  -5.14731021163166e+00
  -7.25668780483752e+00
  -6.71992243861418e+00
  -7.00405025216619e+00
  -6.64065917929670e+00
  -7.23260027976644e+00
  -4.78604779217144e+00
  -6.56269927731878e+00
  -5.21729085699840e+00
  -5.43954030786986e+00
  -2.07089024798656e+00
  -4.04920159333792e+00
  -2.72337620338853e+00
  -1.94530264514847e+00
  -4.10063398834077e+00
  -6.38410389795731e+00
  -4.43708789976804e+00
  -5.00153296896692e+00
  -5.55118052739922e+00
  -6.95549698699247e+00
  -1.66532536639729e+00
  -2.40985172045762e+00
  -6.37691668804032e+00
  -6.95754012554894e+00
  -5.58374284204015e+00
  -9.14535540319698e+00
  -7.93905079463834e+00
  -7.35222675330910e+00
  -7.29071329777448e+00
  -8.22054429537197e+00
  -8.76896222731298e+00
  -5.67856664266324e+00
  -8.33717243388869e+00
  -9.99403389151589e+00
  -9.69833713407674e+00
  -5.92709020425823e+00
  -9.54934896863883e+00
  -9.10691550271545e+00
  -9.74278860374775e+00
  -9.49696782571132e+00
  -9.67023637509478e+00
  -9.01069620784633e+00
  -9.75537509721939e+00
  -8.80140589518683e+00
   1.52868027711597e+00
  -4.58083679944516e+00
  -7.82924445869335e+00
  -6.97836231391570e+00
  -7.07681709442036e+00
  -5.29799157009997e+00
  -4.72533343800856e+00
  -7.45900620123316e+00
  -4.81562435221272e+00
  -3.48089635559440e+00
  -2.08895629335452e+00
  -6.70533340176839e+00
  -5.76413874283312e+00
  -5.54194388822375e+00
  -5.62671204646372e+00
  -7.90191377367727e-01
  -2.71437327979506e+00
  -3.94870863479732e+00
  -2.09618766019425e+00
  -1.56464635404895e+00
  -2.70068540581556e+00
  -3.52261693545565e+00
  -3.46087487701802e+00
  -2.07079223362975e+00
  -4.71696294021890e+00
  -7.88201895769284e+00
  -5.84818644625479e+00
  -3.74048896836407e+00
  -3.49279290581685e+00
  -5.65595410635901e+00
  -7.01074867129969e+00
  -7.24086236992584e+00
  -7.24301781061436e+00
  -7.03509877194770e+00
  -8.92257903118129e+00
  -8.71169387183649e+00
  -7.87374432121319e+00
   1.62008828638910e-01
  -9.64212363245147e+00
  -7.83162632072540e+00
  -4.71749793231006e+00
  -8.50402273693739e+00
  -1.01295050616583e+01
  -1.06727207770602e+01
  -1.07753599460094e+01
  -4.40439047577834e+00
  -1.01330063922061e+01
   1.68758598976260e+00
  -1.94139735129661e+00
  -9.85992113723250e-01
   5.29861650306052e+00
  -9.75179775362826e+00
  -7.72467099228302e+00
  -3.77331958098616e+00
  -6.98280528696082e+00
  -9.13474395800599e+00
  -7.55552710969291e+00
  -7.82313496902966e+00
  -6.93020215413449e+00
  -7.33713360826564e+00
  -7.25168045754267e+00
  -3.00548546088898e+00
  -4.91316065020705e+00
  -5.33646022775806e+00
  -2.21127028638343e+00
  -2.00594017183826e+00
  -1.12526610986074e+00
  -1.11260968761521e+00
  -3.52450055284785e+00
  -2.03888118784030e+00
  -1.52995865679181e+00
  -4.53727107070258e+00
  -3.60089864846864e+00
  -5.10484036727498e+00
  -1.95448244458853e+00
  -2.85291785256427e+00
  -6.47029555187523e+00
  -6.91031302359001e+00
  -7.17616369025486e+00
  -9.24934955056337e+00
  -6.12282086222799e+00
  -7.33806573594770e+00
  -7.15829073036198e+00
  -7.87131196971964e+00
  -3.82623690184951e+00
  -2.25046147921525e+00
  -4.93754861873563e+00
  -8.07732937424512e+00
  -1.04647686347645e+01
  -1.01778049295346e+01
  -1.35998596620916e+00
  -3.94764966082143e+00
  -1.00254366946130e+01
  -8.58917935043714e+00
  -1.04752986087843e+01
  -7.50043061544525e+00
  -8.46737601123927e+00
  -5.35958826338551e+00
  -9.50689765776055e+00
  -4.79585323629103e+00
  -4.79147347913035e+00
  -3.16369450088964e+00
  -6.90332991988193e+00
  -9.28169351442116e+00
  -7.16627664301918e+00
  -6.50878876043330e+00
  -6.96277867576477e+00
  -3.60305614236418e+00
  -7.49729319619214e+00
  -7.89325882973039e+00
  -4.36861938913730e+00
  -2.37161784078503e+00
  -5.86775005461654e+00
  -2.75690153679002e+00
  -2.14868902138201e+00
  -2.75485800753736e+00
  -1.16092220544865e+00
  -9.99560006502315e-01
  -1.25131998398424e+00
  -1.48409739836929e+00
  -7.66491314485315e+00
  -6.23576184217122e+00
  -3.59257738797091e+00
  -7.28763628968331e+00
  -6.33453809674315e+00
  -7.11312210840711e+00
  -6.79786769233865e+00
  -7.33948903167325e+00
  -1.00299239271491e+01
  -6.88277630621010e+00
  -6.14521102159792e+00
  -6.72917081697883e+00
   6.51670520020026e-01
  -8.23256804770531e+00
  -1.15311564587811e+01
  -1.03126619316382e+01
  -1.22281760996740e+01
  -8.55870052306195e+00
  -4.15184158294701e+00
  -7.17793938434547e+00
  -1.12343121410132e+01
  -1.07483696657338e+01
  -8.32488002943969e+00
  -7.54945132512980e+00
  -8.30363667579072e+00
  -7.99179522192312e+00
  -7.25509127624641e+00
  -7.58985931161910e+00
  -3.84216565547299e+00
  -4.68227799586580e+00
  -3.53738631534647e+00
  -5.67198888435009e+00
  -5.02051932661211e+00
  -4.71428050364843e+00
  -1.13729131156483e+00
  -2.50728380336491e+00
  -4.92416740933927e+00
  -8.75847777532862e-01
  -1.57493955872192e+00
  -6.49382165528018e+00
  -6.24117595310431e+00
  -5.35700463484241e+00
  -2.10923549398935e+00
  -2.98666052186413e+00
  -2.69773595533402e+00
  -2.38611092102851e+00
  -7.33667460984557e+00
  -6.74248261908283e+00
  -6.53108492031984e+00
  -7.11045262003986e+00
  -7.10335028353179e+00
  -6.20932078896581e+00
  -9.54739984680068e+00
  -7.02917067036119e+00
  -7.29220742235534e+00
  -7.48648823331146e+00
  -7.87047239631115e+00
  -8.08695044548508e+00
  -6.38928799051805e+00
  -9.19892696584534e+00
  -8.44747321005720e+00
  -9.32233140821076e+00
  -9.35840734105945e+00
  -1.26290675979900e+01
  -6.95870684599790e+00
  -8.32084332881472e+00
  -8.23952912633936e+00
  -8.61319559386097e+00
  -7.15589177687812e+00
  -7.78276422075501e+00
  -1.01735127111252e+01
  -5.97320935035818e+00
  -5.98019629356636e+00
  -6.42732252582314e+00
  -6.07764310680900e+00
  -5.24576391368023e+00
  -5.80414765855417e+00
  -4.47367028244494e+00
  -2.72292533323630e+00
  -4.00323094662249e+00
  -5.73565975399483e+00
  -7.33065214534158e+00
  -5.21780043428330e+00
  -5.87133118807210e+00
  -2.58314918820283e+00
  -6.81028393711053e+00
  -5.72039788972611e+00
  -2.86242184916696e+00
  -2.30842252081779e+00
  -1.66918190521678e+00
  -5.72831273947622e-01
  -8.21256788603159e-01
  -2.90510334519618e+00
  -5.71816638820032e+00
  -5.52897678863624e+00
  -6.03715415996626e+00
  -5.96120317667023e+00
  -6.17263023867431e+00
  -6.54553157911246e+00
  -3.16351467505151e+00
  -2.28986486018507e+00
  -6.51710189043492e+00
  -7.00353584123527e+00
  -7.11332591723399e+00
  -6.32345234751860e+00
  -6.62851818657068e+00
  -7.24930243187296e+00
  -7.27115746745690e+00
  -7.37876020044418e+00
  -6.82854565889934e+00
  -7.54363322426720e+00
  -8.98319942590128e+00
  -9.23318549037881e+00
  -9.57016690248033e+00
  -9.84595848297808e+00
  -8.15166629123191e+00
  -1.28344445855502e+01
  -1.00792309959699e+01
  -6.49472092282772e+00
  -1.27884376143440e+01
  -8.85774042490916e+00
  -8.19953727353472e+00
  -7.39672704649743e+00
  -1.23623265923553e+01
  -6.98035558224014e+00
   2.02457975932780e+00
  -6.86937035162296e+00
  -5.50437132645507e+00
  -6.68841716479542e+00
  -6.80658086888266e+00
  -3.19673027875901e+00
  -3.36286835627939e+00
  -4.63852016597152e+00
  -5.71920665675784e+00
  -3.49831339018160e+00
  -3.40837291979292e+00
  -7.04596093515570e+00
  -5.18636041598179e+00
  -4.39539012746459e+00
  -1.91730533891509e+00
  -1.38745812760967e+00
  -3.74097308266891e-01
  -8.51250277864118e-01
  -1.12440987987534e+00
  -1.41701019598181e+00
  -2.10467601414998e+00
  -1.73094342661366e+00
  -1.22171684016316e+00
  -1.34265931420409e+00
  -6.66468995353548e+00
  -6.60365519955499e+00
  -3.94102110409144e+00
  -3.83283756035248e+00
  -6.02856379278742e+00
  -3.05338021294951e+00
  -3.44254342308809e+00
  -3.68779321478009e+00
  -5.15320119055482e+00
  -5.91719911263603e+00
  -6.20559697223066e+00
  -6.89855964866106e+00
  -6.79234632369494e+00
  -3.24618266799143e-01
  -1.13100860949627e+01
  -1.02045130182516e+01
  -7.74136717992328e+00
   1.68211971969490e+00
  -7.93159390032920e+00
  -7.82288013766370e+00
  -1.06620715397722e+01
  -7.13136146765387e+00
  -9.32934490984658e+00
  -8.87988927773599e+00
  -8.96196403410536e+00
  -9.11138211054926e+00
  -1.40108336046607e+01
  -1.27714543646417e+01
  -8.20485727195696e+00
  -7.63543952822069e+00
  -9.66078317952374e+00
  -8.69726719814403e+00
  -5.19736693327936e+00
  -5.56642795873736e+00
  -6.17031798581970e+00
  -3.42271479395017e+00
  -6.67439473391746e+00
  -6.10111979412203e-01
  -6.88443683870127e-01
  -4.72503193094249e+00
  -1.61451480233532e+00
  -1.51333388456273e+00
  -1.79019296286619e+00
  -5.69829754939882e-01
  -4.29106370971490e+00
  -2.14273366592274e+00
  -1.70897128512856e+00
  -6.30552212513444e+00
  -2.50787136570502e+00
  -6.84883711026864e+00
  -6.64563337637369e+00
  -2.50944214188544e+00
  -6.62537185099532e+00
  -6.19054346505814e+00
  -7.00239416988475e+00
  -1.16969420031493e+01
  -8.49346460721258e+00
  -9.03150403404120e+00
  -9.22942883169903e+00
  -9.70976068448103e+00
  -1.29618211031667e+01
  -7.73698065921430e+00
  -1.06503084905936e+01
  -1.11494562074169e+01
  -5.08788327175275e+00
  -3.07178857902650e+00
  -4.76760264733380e+00
  -6.51997455550750e+00
  -2.41779292506103e+00
  -3.56729967948845e+00
  -3.83477761675672e+00
  -1.21129469158327e+00
  -7.21401566428675e-01
  -6.22241859867622e+00
  -7.42880371459173e+00
  -9.70059058477923e+00
  -6.76124810321121e+00
  -7.56567349702359e+00
  -7.68631902122629e+00
  -9.18795104049345e+00
  -1.28451425787345e+01
  -8.63649415662999e+00
  -7.01992344430359e+00
  -7.52936177971983e+00
  -5.67858070731668e+00
  -6.82576969514607e+00
  -5.73642119646515e+00
  -5.72700064079449e+00
  -7.06959775091868e+00
  -5.83037700503987e+00
  -6.22391628488381e+00
  -4.35439521121148e+00
  -5.82079616887449e-01
  -9.37124131777772e-01
  -1.47040364557520e+00
  -5.32699416893728e-01
  -8.26303299246767e-02
  -1.58050061105237e+00
  -3.43968077505374e+00
  -4.47884346288824e+00
  -4.13409996432088e+00
  -1.59433848560561e+00
  -5.56817321913436e+00
  -2.85494599239350e+00
  -5.11680092107249e+00
  -5.14713239225252e+00
  -6.60181679000666e+00
  -1.35461512968133e+01
  -8.01216775385833e+00
  -1.43097339914758e+01
  -9.81135185448615e+00
  -7.82860703717156e+00
  -1.22760885615973e+01
  -5.81256881356162e+00
  -1.13388883559848e+01
   2.55281007429480e+00
  -7.37488251841946e+00
  -6.79953867780491e+00
  -5.44395502302827e+00
  -6.55004593923800e+00
  -6.39007407979457e+00
  -2.58112788322628e+00
  -6.74950285136597e+00
  -7.54285860226369e+00
  -4.80168483505545e+00
  -2.18902347642975e+00
  -3.45612652093600e+00
  -6.53126837392770e+00
  -3.58318914109909e+00
  -6.32758745074093e+00
  -4.78796645948855e+00
  -1.62094816260756e+00
  -2.93217734266286e+00
  -1.70540686859490e+00
  -8.03138801424347e-01
  -1.90645951625734e+00
  -6.12986449383166e+00
  -1.49173693253865e+00
  -5.37716257850584e+00
  -3.51626442714783e+00
  -6.19780964280758e+00
  -4.03029270913444e+00
  -3.57340524370479e+00
  -5.19510775928588e+00
  -5.21094509850550e+00
  -5.97147963786406e+00
  -4.65564582164839e+00
  -8.62683154451511e+00
  -1.01859957037133e+01
  -5.72411551439395e+00
  -5.26539798316585e+00
  -6.31080117521756e+00
  -1.35893924435633e+01
  -1.00752059207108e+01
  -6.03763607228680e+00
  -9.95896433474550e+00
  -1.15361044348075e+01
  -5.13775731029377e+00
  -7.03920035815295e+00
  -6.72464716102163e+00
  -8.05650387706842e+00
  -5.76200697554136e+00
  -3.91078984140145e+00
  -4.36437390527240e+00
  -4.72191100128307e+00
  -7.58188260818692e+00
  -5.97207611491208e+00
  -6.83784506319093e+00
  -6.39125118758252e+00
  -5.41653949815932e+00
  -1.25610119342505e+00
  -2.77315906251638e+00
  -6.13972166409817e+00
  -6.12596678034529e+00
  -2.10386728132030e+00
  -3.39358940603611e+00
  -5.33773601678981e+00
  -7.37941839139162e+00
   2.71393979786885e+00
  -6.60385340994176e+00
  -2.42787430287003e+00
  -7.23659807054823e+00
  -8.45508043176701e+00
  -1.39965697618064e+01
  -9.02328291786866e+00
  -8.81798786968752e+00
  -1.04946594045570e+01
  -1.33995779269836e+01
  -1.02682644099642e+01
  -8.21288302721236e+00
  -5.78460200577788e+00
  -6.90432957127009e+00
  -7.19490096142558e+00
  -6.43358358853143e+00
  -4.37032619755350e+00
  -6.15516550318184e+00
  -4.88217233961145e+00
  -2.53650283271704e+00
  -6.07562523592528e+00
  -5.57573989088646e+00
  -1.40308676046438e+00
  -4.05786947445372e+00
  -3.08623449030542e+00
  -1.03004621765572e+00
  -1.28187513324442e+00
  -2.23610041005863e+00
  -1.42135268434608e+00
  -5.09709550284165e+00
  -7.38388048958691e+00
  -5.84060266242809e+00
  -5.45989381008362e+00
  -8.53291739627743e+00
  -7.56973831002278e-01
  -7.13694467550263e+00
  -8.09965347458196e+00
  -5.34777140965994e+00
  -1.21599574741223e+01
  -1.18443694250428e+01
  -1.18583151267868e+01
  -1.03235860081296e+01
  -7.93802338031051e+00
  -9.47460877308381e+00
  -9.55841720104595e+00
  -7.10870809762960e+00
  -4.64723561120459e+00
  -1.13240151605252e+01
  -4.28584204763333e+00
  -7.02345845823779e+00
  -1.23312698920849e+00
  -6.44383929633613e-01
  -6.47202390004303e-01
  -1.75949729462823e+00
  -2.98451762042455e+00
  -4.32739050744126e+00
  -2.45012954570407e+00
  -1.46818931871999e+00
  -6.66214999121998e+00
  -4.68613167025446e+00
  -7.26425137532638e+00
  -2.09957597809002e+00
   7.41898259010221e-02
  -9.32674902727208e+00
  -9.41633728130832e+00
  -6.91370135285447e+00
  -8.23094649102509e+00
  -1.06561805067114e+01
  -8.33254986199258e+00
  -1.06994155858130e+01
  -8.03529111229559e+00
  -6.47788781351132e+00
  -6.61634554845400e+00
  -6.36580056414837e+00
  -1.99937657726800e+00
  -3.69798083578112e+00
  -6.85366303951846e+00
  -3.45050358276617e+00
  -1.33288627726793e+00
  -4.95673658573786e-01
  -1.16359666179428e+00
  -1.24236498355381e+00
  -3.35398912046380e+00
  -4.90571853366341e+00
  -2.46826321857420e+00
  -6.29294957603556e+00
  -5.98567563357315e+00
  -6.85751812432877e+00
  -6.95958380329935e+00
  -5.63667198358339e+00
  -3.82790460876927e+00
  -5.54904567173630e+00
  -6.16999828801831e+00
  -6.23949327083133e+00
  -1.01168315844090e+01
  -3.89557497215642e+00
  -4.24409813047910e+00
  -1.11900086135476e+01
  -1.09991009646902e+01
  -1.04863937747351e+01
  -1.35835025018734e+01
  -1.11114507095719e+01
  -1.24675686322090e+01
  -8.70735864783378e+00
  -3.57592472710999e+00
  -4.24331298387110e+00
  -3.00834754080747e+00
  -7.29049643949488e+00
  -6.93327876436720e+00
  -6.37192957902621e+00
  -6.08784740530532e+00
  -3.13669136026797e+00
  -7.46966934262596e+00
  -5.72541948696121e+00
  -2.70359307840786e+00
  -3.60915656377451e+00
  -1.51408083794117e+00
  -1.28412313511867e+00
  -3.90460657218605e+00
  -3.98303901339127e+00
  -2.15135405597643e+00
  -1.34361248328013e-01
  -7.75495692650247e-01
  -2.79662374533395e+00
  -2.59069766310326e+00
  -2.00768172167877e+00
  -2.26857852995558e+00
  -5.74988412114103e+00
  -5.76486547725758e+00
  -5.53400496924873e+00
  -4.45394371123179e+00
  -4.23438808803362e+00
  -2.64272724171783e+00
  -6.25657699229955e+00
  -5.26340270087908e+00
  -2.27683896447083e+00
  -3.75472413496404e+00
  -5.13302482614486e+00
  -1.84042267074724e+00
  -9.80650475176767e+00
  -1.10374431739357e+01
  -8.78282366685121e+00
  -1.22982337563909e+01
  -1.25526569366313e+01
  -1.33527480116838e+01
  -7.67627890332656e+00
  -4.63935188364226e+00
  -4.46001604333028e+00
  -7.23419801025479e+00
  -6.28501164486274e+00
  -3.78455405596846e+00
  -4.46809930145641e+00
  -2.23204063641710e+00
  -2.69747028406450e+00
  -8.67300745389138e-01
  -9.31060597380701e-01
  -1.27084029219000e+00
  -7.54209447231141e-01
  -1.24254171087991e+00
  -5.75124454640822e+00
  -4.69066726749056e+00
  -5.48131228054822e+00
  -4.30101440618650e+00
  -3.22615577846059e+00
  -5.90336622509235e+00
  -5.66581442165821e+00
  -6.19831162847199e+00
  -4.97418918165217e+00
  -6.81515016586595e+00
  -5.96074389732998e+00
  -6.82029461516699e+00
  -8.12246109342973e+00
  -7.51173106101228e+00
  -6.07815605195278e+00
  -7.04303892456132e+00
  -1.03884838865808e+01
  -7.98595872393812e+00
  -8.08377666845367e+00
  -8.15533737851106e+00
  -9.40489932512187e+00
  -7.10426626884250e+00
  -5.92620131043000e+00
  -1.29052334984036e+01
  -1.17023281845005e+01
  -9.29208598318760e+00
  -4.35307603193828e+00
  -7.48945265407578e+00
  -1.01254250356389e+01
  -6.49367518991235e+00
  -6.42194434800253e+00
  -7.23938612098586e+00
  -6.70875193448787e+00
  -6.81317100421361e+00
  -5.38246177084979e+00
  -5.11999921705787e+00
  -4.27121498442752e+00
  -1.19345396738859e+00
  -1.44737286176146e+00
  -1.95851820236307e+00
  -3.76260973503954e+00
  -2.20178100097123e+00
  -5.94105886740103e+00
  -6.06454922318258e+00
  -6.61127199042235e+00
  -7.48901987152217e+00
  -7.51941810791245e+00
  -7.05821198685876e+00
  -7.32445539782398e+00
  -3.89324135904567e+00
  -6.88559663309129e+00
  -1.10503150049991e+01
  -8.63693754041301e+00
  -1.04336610548527e+01
  -1.05485436093969e+01
  -1.29083310477964e+01
  -1.27222722208072e+01
  -9.32765917915199e+00
  -7.95052228241652e+00
  -5.76013694386270e+00
  -1.14645688418560e+01
  -5.36100184143302e+00
  -3.05601628193394e+00
  -6.12825224362418e+00
  -5.84021774676253e+00
  -5.48113082926116e+00
  -2.12957074112105e+00
  -2.18366210204672e+00
  -3.30093629108114e-01
  -4.32350218906458e-01
  -1.07680578201703e+00
  -1.47878733765460e+00
  -1.88588670353888e+00
  -1.76896145352125e+00
  -4.57289170995787e+00
  -3.06396711704033e+00
  -1.72670455743550e+00
  -6.49614609638697e+00
  -7.72047388757905e+00
  -7.98303556817623e+00
  -8.12342290201664e+00
  -6.11978638474661e+00
  -9.49420172119894e+00
  -1.10229773935172e+01
  -1.14405452962129e+01
  -1.29299746311600e+01
  -1.01775998727673e+01
  -7.79168918146220e+00
  -8.14306790212790e+00
  -8.41139444708838e+00
  -6.45849222424581e+00
  -5.50563427001102e+00
  -6.15492510788422e+00
  -4.93775370992730e+00
  -5.05922342889257e+00
  -2.02577025891892e+00
  -2.22387232960636e-01
  -4.35669368616026e-01
  -2.90118965704928e+00
  -2.84149782015370e+00
  -5.47532111073374e+00
  -7.24580549388897e+00
  -9.67888432975010e+00
  -1.03808905249563e+01
  -1.19541570577295e+01
  -1.22953108410540e+01
  -9.88091352834012e+00
  -1.01987955485667e+01
  -1.28042291922694e+01
  -1.10810750309921e+01
  -1.00727147438503e+01
  -1.04081854306143e+01
  -1.29103538682185e+01
  -1.01428400577871e+01
  -1.26120245443955e+01
  -5.16126682719837e+00
  -1.08148412751317e+01
  -7.40097030371467e+00
  -9.61020566188304e+00
  -5.48083505501304e+00
  -1.04205789598465e+01
  -1.10179848215550e+01
  -7.96459349197371e+00
  -4.55811092163835e+00
  -5.03553247841332e+00
  -2.54520555818922e+00
  -1.35067086567610e+00
  -3.49550514411853e+00
  -3.46279658595827e+00
  -2.88980508019827e+00
  -1.99687011455276e+00
  -8.26273215088030e-01
  -2.70489100258524e+00
  -2.50377711343767e+00
  -1.34889437614142e+00
  -3.03651396082764e+00
  -4.31494980121820e+00
  -2.47329797635680e+00
  -6.19129639825055e+00
  -4.20092018301525e+00
  -5.64839165893695e+00
  -8.25157238487841e+00
  -9.83772361181232e+00
  -9.32932656222342e+00
  -1.06757322568766e+01
  -1.03213100972054e+01
  -5.83281392935910e+00
  -1.08002477960864e+01
  -1.01102467943830e+01
  -8.53928226400435e+00
  -9.88494342228400e+00
  -9.21233064528601e+00
  -9.10753388944536e+00
  -1.10797471705693e+01
  -9.36021201501639e+00
  -5.20609461796916e+00
  -5.16003411060788e+00
  -4.70186883649981e+00
  -2.42354882503528e+00
  -1.28693484799364e+00
  -1.51119696866694e+00
  -4.15690730775091e+00
  -4.16552316556513e+00
  -3.97475916309681e+00
  -3.46310884084155e+00
  -1.02509649567393e+01
  -9.56230015568431e+00
  -3.61050158831781e+00
  -1.05788911933670e+01
  -1.09586568860178e+01
  -1.20021109860401e+01
  -1.27458942740842e+01
  -6.27719448167149e+00
  -9.02691197555591e+00
  -3.61573746707486e+00
  -1.12244496090026e+01
  -9.23236610657036e+00
  -1.20961015684171e+01
  -9.10130650682654e+00
  -4.35055830381239e+00
  -8.94715322655565e-01
  -2.20515993645145e+00
  -4.03644091496440e+00
  -3.01326485519817e+00
  -4.69046529493348e+00
  -7.63961768562617e+00
  -9.44154655463458e+00
  -9.01915797129200e+00
  -9.99857989548595e+00
  -1.03685789466992e+01
  -8.18908999202372e+00
  -1.18459325509404e+01
  -8.20161113905137e+00
  -1.23172110541956e+01
  -1.07274834836827e+01
  -1.09161250052777e+01
  -6.35891610250760e+00
  -1.11149080971783e+01
  -1.04183779917631e+01
  -1.10317370815748e+01
  -8.58723423640108e+00
  -4.25522124520207e+00
  -2.33350446872841e+00
  -1.19582354551235e+00
  -1.72813452382720e+00
  -5.78818684610646e+00
  -7.49359314980588e+00
  -9.59936579141335e+00
  -8.88559586163333e+00
  -1.21157836839158e+01
  -1.23999655387562e+01
  -9.35158970779334e+00
  -1.00266248921199e+01
  -2.39066693316922e+00
  -6.38853494419117e-01
  -8.89190775372676e+00
  -1.04260185818104e+01
  -9.19480850999130e+00
  -9.90311891012802e+00
  -1.13599652209442e+01
  -9.90081326850409e+00
  -1.01435088976897e+01
  -8.77417800557773e+00
  -1.06874301778900e+01
  -9.97872600540554e+00
  -7.77528086235557e+00
  -9.51649454155736e+00
  -1.06880395079626e+01
  -1.14073691555033e+01
  -9.91299188468397e+00
  -9.92398317058282e+00
  -1.12622119716972e+01
  -1.17164054851484e+01
  -1.10367787506304e+01
  -9.98328571220932e+00
  -1.00908797855338e+01
  -1.17854505794723e+01
  -1.07137816913420e+01
  -1.06358022542364e+01
  -1.21192833955403e+01
  -1.02551474392923e+01
  -1.16125785275327e+01
  -9.00413489676716e+00
  -1.04243411988220e+01
  -9.92336673196782e+00
  -7.76647827368301e+00
  -9.97996870704278e+00
  -1.16692270583000e+01
  -1.10946354689160e+01
  -8.69298449816520e+00
  -8.79978379785748e+00
  -1.07372892764798e+01
  -1.09032201391612e+01
  -1.12892741722218e+01
  -9.05747746383818e+00
  -1.14189403647144e+01
  -8.58158223760179e+00
  -1.17001255994266e+01
  -1.04788807973902e+01
  -1.03741523876207e+01
  -9.06281801261152e+00
  -9.36762813622331e+00
  -9.87379302976856e+00
  -9.84477597260970e+00
  -1.09700792767936e+01
  -1.17578227048026e+01
  -1.13469409583187e+01
  -1.19812443499624e+01
  -9.73631394470808e+00
  -1.01573812606458e+01
  -9.01474491803051e+00
  -1.01322876467831e+01
  -1.12908395938204e+01
  -1.00810371143636e+01
  -1.13287796440401e+01
  -1.15199367892812e+01
  -1.14074584222264e+01
  -1.16473254590657e+01
  -9.79910053800645e+00
  -1.05682083596631e+01
  -9.74852881357415e+00
  -1.03663585785481e+01
  -9.88304859905306e+00
  -9.77193868276040e+00
  -9.39772561690383e+00
