   5.43162228223592e+00
   7.28902795004215e+00
   6.06974782311281e+00
   6.67742215555845e+00
   4.25843315352322e+00
   7.14380842851424e+00
   5.76635513460188e+00
   6.90799821666642e+00
   6.16693441705193e+00
   6.77317082418595e+00
   5.75842680526021e+00
   4.40298931687776e+00
   5.12289747317082e+00
   4.92413786103553e+00
   3.49447494114029e+00
   6.40308521222378e+00
   3.76251849650598e+00
   1.05614604679486e+00
   1.11412232637400e+01
  -1.06962190613503e+00
   6.61486741667486e+00
   6.55087402329228e+00
  -9.55876593452010e-01
   7.83511627353674e+00
   6.39674831536977e+00
   8.74811375577392e+00
   6.98089436660266e+00
   7.67010720510880e+00
  -1.97869809532621e+00
  -1.02480766017324e+00
   4.52258071314245e+00
   5.15288938161630e+00
   9.09030533858279e-01
   3.94511677871433e+00
   4.63532346537304e+00
   4.04912157157978e+00
   4.11171934754803e+00
   5.20179000368953e+00
   5.74281329702954e+00
   7.52432501652093e+00
   7.79967067278958e+00
   6.55847175631207e+00
   5.59370717926923e+00
   6.10198176173581e+00
   6.35602832260757e+00
   5.82611553957632e+00
   8.71125218341659e+00
   5.86502902866014e+00
   8.35326648005376e+00
   8.43943224711493e+00
   5.50373506298966e+00
   8.85976320944847e+00
   8.84107790955623e+00
   7.67693657165237e+00
   7.51705185255615e+00
   1.02923402714219e+01
   6.19656663557689e+00
   8.34388726721554e+00
   7.73345322923488e+00
   9.37089368435918e+00
   8.69277874519921e+00
   9.59085618065328e+00
   9.75287630897638e+00
   1.01485612085577e+01
   1.07500748780973e+01
   1.01955975110337e+01
   9.37951773317364e+00
   1.00248800355808e+01
   9.85745004184592e+00
   8.71022122508348e+00
   9.65047333445964e+00
   6.83842831270395e+00
   8.16487402699350e+00
   7.45304069067115e+00
   5.00381459103719e+00
   4.69218198623421e+00
   9.37885128769777e+00
   7.51984682547627e+00
   9.25025356544266e+00
   4.46973664002653e+00
   8.38091086864606e+00
   5.00360520930426e+00
   8.23967130095807e+00
   6.65218568622604e+00
   7.85224314554908e+00
   3.32610607254592e+00
   6.67007453474126e+00
   7.88824264041578e+00
   8.55002214223587e+00
   5.59667585742373e+00
   3.93738952573640e+00
   2.80404678874729e+00
   6.57716457154093e+00
   4.01675437936374e+00
   7.82001430264300e+00
   6.05789293957114e+00
   6.43828264892873e+00
   6.03509368132164e+00
   7.26078092218868e+00
   6.73199761343367e+00
   6.58149268513680e+00
   5.75236475922848e+00
   4.54304803488922e+00
   5.25549845795522e+00
   5.03235015688061e+00
   4.09933267117649e+00
   6.00214118258519e+00
   3.22351195302927e+00
   2.46139694061694e+00
   1.79130372107975e+00
   6.39873168736868e+00
   1.66843879554163e+00
   1.22762181472863e+00
   9.76390446367625e-01
   1.04056498230930e+00
   4.42467875500918e-01
   1.36333475482443e+00
   4.32480882334912e+00
   1.84433288377986e+00
   4.61482602939268e+00
   6.83727522962782e+00
   5.19639710490137e+00
   3.80585707626379e+00
   7.20773299449830e+00
   9.70641261522415e+00
  -1.84950971806208e-01
   8.77896489528721e+00
   1.54450204077475e+00
   6.57609813179627e-01
   6.73680620732794e+00
  -4.03254718494006e-03
   8.34186835727960e+00
   6.32779102812092e+00
  -3.87716097220070e-01
   1.10553428444801e+00
   4.14689976506052e+00
   1.11600586897621e+00
   1.72871761479255e+00
   2.84340245778422e+00
   3.43258269515955e+00
   2.45700192966124e+00
   2.32399904137365e+00
   2.90120722723314e+00
   3.48632681046238e+00
   2.21844487080544e+00
   3.04602782796847e+00
   4.44636677164508e+00
   4.69821586021281e+00
   4.41540146196585e+00
   5.05032464660017e+00
   7.02646412235536e+00
   5.76172680605905e+00
   7.54166233653505e+00
   6.30329601154299e+00
   8.22926679853081e+00
   5.58432505513847e+00
   7.10631281165716e+00
   6.35635629462795e+00
   5.53019801971514e+00
   4.52534367817007e+00
   4.06883788710329e+00
   4.76158720637668e+00
   8.59620291603788e+00
   4.87494416284390e+00
   6.73276582709205e+00
   7.80278731963845e+00
   8.13917266842109e+00
   9.43078411062798e+00
   9.43578561728428e+00
   7.43616988909762e+00
   9.97750053964465e+00
   7.63503879382425e+00
   7.74899063724716e+00
   8.84229179137547e+00
   8.92717977883931e+00
   1.01592259902014e+01
   1.08617837952630e+01
   9.73566990654090e+00
   1.04804039202287e+01
   1.01495404000440e+01
   9.39935299377849e+00
   8.98508144717253e+00
   9.56876834491650e+00
   1.02002024500785e+01
   8.77299905198979e+00
   7.33795980113937e+00
   4.60525533697419e+00
   9.04718316044691e+00
   8.94937690073275e+00
   4.17713540435271e+00
   4.44550259194839e+00
   4.38731598588275e+00
   9.08360534768290e+00
   8.49924867255195e+00
   8.01198189317857e+00
   8.39717276681368e+00
   7.49534904701305e+00
   4.50381817802791e+00
   5.21899236776390e+00
   5.07411570864006e+00
   5.00136484077357e+00
   5.06884447734647e+00
   4.66970752811958e+00
   4.04518203527514e+00
   4.06987006422751e+00
   3.07764548754731e+00
   6.95656363762337e+00
   4.00821555356797e+00
   2.85587625983735e+00
   6.43867430204048e-01
   5.54471919261287e+00
  -5.57300315285281e-01
   4.91959355534218e+00
   6.64070347959805e+00
   5.53602807174739e+00
  -2.68993577546498e+00
  -1.44100802085122e+00
   5.47030425416833e+00
   1.54637446169369e+01
   8.44555796850782e+00
  -3.13255706746022e+00
   5.25035629969407e+00
   6.46087826024141e+00
   1.11983158559548e+01
   5.70664507918591e+00
   5.20628365134653e+00
   7.02579866518190e+00
   5.49296275967718e+00
   5.46769303121492e+00
  -1.83248325321929e+00
   4.56535251649312e+00
  -1.49102645918392e+00
   3.52759095954353e+00
   3.72373050677707e+00
   5.54346039678476e+00
   6.41545238755137e-01
   5.62672921506058e-01
   1.43915522124244e+00
   6.45499459608855e+00
   7.33125037898444e+00
   4.03952931113109e+00
   5.07314486340474e+00
   5.67624892824424e+00
   4.55544465390231e+00
   6.59782267451247e+00
   6.81126383145111e+00
   4.32039532275267e+00
   7.85451569170673e+00
   8.05203020570898e+00
   6.94613895769235e+00
   7.11427897197664e+00
   7.78585590333533e+00
   7.33994974528341e+00
   9.17064605883352e+00
   7.51102460654293e+00
   8.34563844378463e+00
   9.82419238990188e+00
   8.17266957495176e+00
   7.41036319050691e+00
   9.70283752224587e+00
   7.78855426613573e+00
   8.97664316781229e+00
   5.41019468549221e+00
   8.09520591245073e+00
   7.90955468954108e+00
   9.43374940709928e+00
   8.64300685409999e+00
   8.63805832485068e+00
   1.01082096820215e+01
   9.95907978038358e+00
   1.03505735176492e+01
   9.93901888653509e+00
   1.09878460253236e+01
   1.02897635636788e+01
   9.61382769290194e+00
   7.70072025073260e+00
   7.12705509941370e+00
   6.33473670482599e+00
   5.32595446425658e+00
   8.94864820480107e+00
   8.52780164080341e+00
   4.85682634651367e+00
   9.81075337083949e+00
   8.04758064749022e+00
   6.42981724693582e+00
   8.44687858207690e+00
   9.36023942274969e+00
   8.52492217562085e+00
   9.02232010196767e+00
   9.43011740058010e+00
   8.65636578230861e+00
   8.34687769855064e+00
   9.23872777580582e+00
   8.93723517186172e+00
   7.04722626463136e+00
   8.51069647508721e+00
   8.56993148834645e+00
   7.91545366797036e+00
   7.74958932086575e+00
   7.08936081946886e+00
   6.41441380576507e+00
   7.10197384039984e+00
   6.46566998369108e+00
   5.02976142125190e+00
   4.70191594293338e+00
   4.32957785040399e+00
   3.91654758380410e+00
   3.06021738140826e+00
   1.67150936595645e+00
   1.66502430436649e+00
   2.96572468021677e+00
   3.84656174679149e+00
  -4.70917624574185e-02
   5.45022674839911e+00
  -7.50559053012145e-01
  -8.59698948847287e-01
  -8.26879065738828e-01
  -1.57217387954406e+00
  -2.05284789419183e+00
  -1.98560483988276e+00
   2.46841684357205e+00
   4.57118962806872e+00
   7.70225987985762e-01
   5.99256944201952e+00
  -1.17339230009238e+00
   4.12963872473083e+00
   1.55704048782409e+00
   5.75308000750793e+00
   7.93961214167721e+00
   4.24074211730895e+00
   4.53491980729778e+00
   2.92969968125417e+00
   1.06244626593303e+01
   5.32645384542375e+00
   5.05399403578449e+00
   3.98423264580797e+00
   4.04248827997490e+00
   4.95665930223422e+00
   3.69357544566865e+00
   4.94682949379788e-01
  -1.84807475831749e+00
   1.11692931231852e+01
   1.77276347158623e+00
  -5.64471785577914e-01
   2.14697154427140e+00
   3.89469806856169e-02
   1.88858075894641e+00
   5.52232492262247e+00
   2.80518836769316e+00
   1.68032755371369e+00
   5.51238805008379e+00
   2.74967626576709e+00
   3.71652706792757e+00
   3.71357013564703e+00
   4.79773229736166e+00
   4.78481393757247e+00
   6.07645100520186e+00
   6.37519724467038e+00
   7.53849867385780e+00
   4.34863320766054e+00
   4.58924058873945e+00
   6.90448483672353e+00
   7.97186714610744e+00
   6.75078684649234e+00
   7.34618982467564e+00
   5.30915808365590e+00
   3.52390288419938e+00
   6.97999244726416e+00
   6.62790707711393e+00
   7.91555285884952e+00
   7.86287500762283e+00
   9.01674981358210e+00
   8.27330482266516e+00
   2.92864861658527e+00
   8.22272430366920e+00
   5.81684004430881e+00
   4.85819252065139e+00
   8.79087742483135e+00
   6.81262829673924e+00
   9.07728558398103e+00
   9.61394003523365e+00
   1.01050723938266e+01
   1.04704677457727e+01
   1.03596381166250e+01
   1.07076086073726e+01
   1.02972429626840e+01
   1.02062537096850e+01
   7.73100549720821e+00
   9.80523769749707e+00
   7.13203320395278e+00
   1.00767738300698e+01
   5.43188981048898e+00
   9.75848873666164e+00
   6.55917380791434e+00
   5.01434527118873e+00
   7.84806744930447e+00
   3.11749590117015e+00
   3.65191069002376e+00
   5.64119929470562e+00
   7.51142891279469e+00
   2.98731626363006e+00
   7.28116611840560e+00
   7.08614097264272e+00
   6.59232627520451e+00
   6.32576132759878e+00
   4.43393773489843e+00
   4.69464945095351e+00
   7.41507601929298e+00
   4.44744638994562e+00
   3.41293256445224e+00
   3.19424596125882e+00
   1.69212290036794e+00
   5.83354385517451e+00
   5.16553983909999e+00
   5.86145233256141e-01
   7.44010912995330e-01
   5.47589074715743e+00
  -1.00541531145970e-01
   8.02619849881067e+00
  -1.81140638750910e-01
   3.20323420544865e+00
   2.41828236428828e+00
   3.39411918073947e+00
   3.62940755649654e-01
   3.35208487913915e+00
   2.77851966569015e+00
  -2.55566751736241e+00
   2.93034804847648e+00
   6.32200769371648e+00
   1.24319183394897e+01
   3.36459601615443e+00
  -4.00484755084053e+00
   1.16354988271320e+01
   1.19366819347361e+00
   3.58190702852935e+00
   3.77701209829920e+00
   5.95123417479593e-01
   3.71600665783317e+00
   2.55091536610562e+00
   4.93321521378730e+00
  -1.92100120252180e+00
   2.28437908279430e+00
   2.86325599254779e+00
   5.60911159835141e+00
   3.70945057346089e+00
   5.58068257221803e+00
   1.17062144259362e+00
   1.94947373766409e+00
   2.40854915271539e+00
   3.26848136131103e+00
   3.63973179299192e+00
   4.40792161837690e+00
   4.16688987000325e+00
   4.55103859308620e+00
   5.04864305960892e+00
   7.75407629101265e+00
   5.62414115359443e+00
   6.83066542497327e+00
   8.41111820680508e+00
   6.81568539917462e+00
   7.69141999390340e+00
   7.97828912735040e+00
   5.18597162900333e+00
   8.12728411399858e+00
   6.45567559884567e+00
   9.13167021708942e+00
   4.74203686201745e+00
   8.50001325969115e+00
   4.11707302462728e+00
   2.95738142042919e+00
   4.60893773836743e+00
   6.96277938819149e+00
   7.42495969755564e+00
   8.45699586473584e+00
   9.34768087659504e+00
   1.05524303528278e+01
   9.71470667928370e+00
   9.60123718257874e+00
   7.54899062924833e+00
   8.79875474877790e+00
   1.04947227612052e+01
   1.01389433392847e+01
   9.84450752719622e+00
   1.05269712397154e+01
   1.06808953863771e+01
   1.03731969790311e+01
   9.58641705595310e+00
   8.44638182068648e+00
   9.71947325818346e+00
   6.25786412802482e+00
   8.93105596876976e+00
   1.00807721258485e+01
   9.87616235054757e+00
   9.67161588098916e+00
   9.42391284245842e+00
   9.23815192320999e+00
   3.68019648856771e+00
   8.48430968751982e+00
   8.79344439181805e+00
   9.31364461082976e+00
   9.00177178153226e+00
   3.39506829284856e+00
   7.95288966826829e+00
   8.37689438511061e+00
   6.41264710987398e+00
   6.14311098000199e+00
   4.66144873067206e+00
   4.21241885135769e+00
   4.11153536293168e+00
   2.95975105205398e+00
   3.74109166314666e+00
   2.86798263146520e+00
   7.06745374914645e+00
   5.21884894340529e+00
   1.40973453454135e+00
   2.13252353653898e+00
   4.28694376733402e+00
   6.06396939804709e+00
   5.37899993408301e+00
  -3.34853847988958e-01
  -3.75184700369025e-01
  -2.80977251867986e-01
   2.45801898334376e+00
   4.18905932456803e-01
   2.53351005256318e+00
  -2.03074610396415e+00
   1.11397032255860e+01
   2.16041681308580e+00
   3.87724279376526e+00
   3.63007913872989e+00
  -1.67491458902932e+00
   3.81042861629849e+00
   9.36829336642953e-01
  -3.07722633517132e+00
  -2.03648109283622e+00
   4.35875424032529e+00
  -3.10082069992804e+00
   1.04344159518044e-01
   3.98328440958776e+00
   1.79190198116940e+00
   3.24421730866161e+00
   8.73831527167622e+00
   1.82757895029736e+00
  -2.87758029546185e+00
  -2.59119233362016e+00
   9.93038395550284e+00
   8.40827888878815e-01
   4.46307151376514e+00
   1.24285823761111e+00
   6.22260512300821e-01
  -1.15814214738693e+00
  -9.31253583275427e-01
   6.75868260626030e+00
   5.76901388791184e-02
   5.33867188258282e+00
   5.60026696237456e+00
   5.64083448392067e+00
   3.23674040217211e+00
   5.50751233004631e+00
   2.79674127369256e-01
   5.92768164693191e-01
   3.46482399245870e+00
   6.96656714526908e+00
   6.61654933590453e+00
   4.03145795342480e+00
   6.06527821367363e+00
   3.96197371235812e+00
   3.89273613462192e+00
   7.65206727936002e+00
   4.19873898697970e+00
   5.53581056004132e+00
   6.20095324098257e+00
   6.82649974481192e+00
   6.89270475464182e+00
   6.71813910355977e+00
   4.70508828835191e+00
   6.97966583864454e+00
   5.23001931135750e+00
   7.77518744699192e+00
   7.77805333064462e+00
   7.71352232230184e+00
   8.27722775341554e+00
   7.98558781942175e+00
   8.39289637941020e+00
   3.29757251841384e+00
   9.33684013996808e+00
   8.99946625241282e+00
   9.12867915931711e+00
   9.71050183555290e+00
   9.46355517244738e+00
   4.45914094346390e+00
   9.81015076538879e+00
   9.54137470592341e+00
   9.58409578020619e+00
   8.84801214231684e+00
   6.02929260297115e+00
   5.36146161642191e+00
   9.94171411201078e+00
   1.03792034163967e+01
   7.99362874293420e+00
   7.16083849175048e+00
   8.89230106166051e+00
   8.83789836123524e+00
   1.10639705922091e+01
   1.01772318272020e+01
   1.06749155238782e+01
   9.09358437439151e+00
   8.32571909461931e+00
   1.02115225283620e+01
   9.35892369248504e+00
   8.16698068359129e+00
   5.62161022669953e+00
   3.74882975061664e+00
   7.73240792437319e+00
   7.47144269969849e+00
   8.10257278849859e+00
   8.20317036996640e+00
   4.06394232464263e+00
   4.35678273643644e+00
   7.99062709623341e+00
   7.87572395664083e+00
   7.70258681455344e+00
   7.10366892008606e+00
   7.36747167798567e+00
   5.36256371649925e+00
   5.04330922574864e+00
   5.54859804752196e+00
   2.90796472470957e+00
   2.06651053850292e+00
   4.03002560740843e+00
   1.56389853767051e+00
   2.22359026757258e+00
   6.76145803266136e+00
  -1.06698147419083e+00
  -9.33274683911256e-01
   1.95470631643330e+00
   3.46091507631682e+00
   4.63904774979310e+00
   4.70248275981303e+00
   1.93188690939733e+00
   1.22020776212194e+00
   2.33948956388852e-01
  -2.71472134078922e+00
   3.01120258057436e+00
   9.72350322497787e+00
   1.92397750404835e+00
  -1.13988332286171e+00
  -3.61564867370762e+00
   2.00926936288907e+00
   1.00253063513319e+00
   2.66708411482396e+00
   3.32677143826968e+00
  -3.46872689928605e+00
  -1.47055748577204e+00
  -9.52657429201642e-01
   2.89296209148743e+00
   1.61904337538145e+00
  -2.90945263456651e+00
   3.50544538746872e+00
  -1.75445442545785e-01
  -8.79606546545253e-01
  -8.62361688422786e-01
   7.46666899406646e+00
   1.30228170540304e+00
   1.09217196278274e+01
   8.98665218169847e-01
   4.15570096202428e+00
   5.84061066897957e+00
   6.79831288726385e-01
   7.88920892665013e-01
   1.13798951129466e+00
   1.02852438774844e+00
   1.77576891335830e+00
   4.94612518210088e+00
   3.75736343528897e+00
   6.91568012383014e+00
   4.07035129008418e+00
   5.43094411460116e+00
   4.36633345455503e+00
   5.60407193475440e+00
   5.56511517743784e+00
   5.60534911051546e+00
   7.95765699540935e+00
   6.01806149043623e+00
   6.30085273240238e+00
   4.37302033081378e+00
   4.09601210563378e+00
   8.98701301285255e+00
   3.25482689132114e+00
   3.45318801262747e+00
   4.08070326037032e+00
   3.60704919251530e+00
   5.02379854256615e+00
   3.51270640319908e+00
   6.52834553841840e+00
   4.05938553436099e+00
   3.82458692259261e+00
   9.08765588451898e+00
   1.06125486199340e+01
   1.08522259841771e+01
   7.21208369202996e+00
   9.63546242565426e+00
   1.09831556856812e+01
   1.08989479072130e+01
   8.74050362829676e+00
   8.69828220743839e+00
   1.08446731501823e+01
   7.71420156623263e+00
   7.70339841199584e+00
   1.04272853704339e+01
   8.29737052266010e+00
   9.25750180979831e+00
   5.32239191095923e+00
   3.94484450510445e+00
   7.71775017872697e+00
   7.99276298515051e+00
   7.61526215463219e+00
   6.27433263153362e+00
   4.38738276432614e+00
   6.98829348319178e+00
   6.61131574680040e+00
   7.45264578054558e+00
   6.94697600989057e+00
   4.85996022537675e+00
   4.20775545608704e+00
   5.85679185708669e+00
   5.68561452212689e+00
   5.24455129271340e-01
   2.87978165140940e+00
   4.09932764951518e+00
   3.67633901185455e+00
   3.53888742636682e+00
   1.20568382322384e-01
  -1.16100353276979e+00
   4.23565187634777e+00
   5.58278507365285e+00
  -1.38151411674189e+00
  -1.01892254007853e+00
   1.30906106996968e+01
  -2.25878315263250e-01
   4.22063589428999e+00
  -6.35292163901247e-01
  -3.93327307091929e-01
  -1.36294142386705e+00
   1.43156176084686e+00
   4.73577869786878e+00
  -3.12263870632157e-01
  -2.27838135803667e+00
  -2.92869064257447e+00
  -5.85819313000135e-01
   1.09479651413318e+01
   1.90688796834004e-01
   3.94653432193136e+00
   6.52434649333400e-02
  -1.01609488767226e+00
   2.90362900039381e+00
   1.72716968621044e+00
  -1.62229006641100e+00
  -6.88049253421374e-01
   7.65793596481726e+00
  -6.89032734812278e-01
   2.55887823137128e+00
   2.19926015013753e+00
   6.04795415720728e+00
   6.99733517286004e+00
   6.99494214084607e+00
   4.59493715264271e+00
  -6.12998998139480e-01
  -2.69096696815174e-01
   3.19181564516894e+00
  -5.94996137300741e-02
   1.00832287512785e+00
   2.17141157639217e+00
   5.79082269921910e+00
   1.18364768462070e+00
   3.69389659052158e+00
   2.16294745317155e+00
   3.89881023934832e+00
   3.03173354082501e+00
   2.52422270537463e+00
   4.15266963257691e+00
   4.62156604556240e+00
   6.55927846349241e+00
   4.56533416148032e+00
   5.93665758408916e+00
   7.67030981290245e+00
   4.93405460650193e+00
   9.06894029115447e+00
   9.25272960001221e+00
   9.05104225510568e+00
   3.54813504034664e+00
   7.94495736129702e+00
   8.34752683259067e+00
   3.97970990421127e+00
   8.14875245985659e+00
   9.44339758778424e+00
   4.18072678499412e+00
   6.24832233370908e+00
   9.22521707109864e+00
   6.90662583224876e+00
   8.07201952180149e+00
   1.11837739866865e+01
   7.47173325760796e+00
   1.01946183531305e+01
   5.42063273458607e+00
   5.71274143183528e+00
   4.73782136385180e+00
   3.98833188960962e+00
   9.20492729581438e+00
   5.90502212669944e+00
   5.68440734612578e+00
   7.81633057818508e+00
   4.62324071593739e+00
   8.44391641724597e+00
   5.19639783672629e+00
   6.12795554305249e+00
   6.60661025715909e+00
   4.11727045305325e+00
   4.60004678432652e+00
   6.56357867783809e+00
   4.63886404234527e+00
   5.06996349507117e+00
   1.76408848772608e+00
   5.17953963638375e+00
   5.49107931627132e+00
   2.75712611410709e+00
  -5.63792067573010e-01
   3.50578963478311e+00
  -8.41739295851218e-01
   1.17040334082099e+01
   2.39355955384836e+00
   4.24890444031062e+00
   3.16084629924317e+00
  -1.25638515600658e+00
  -2.17723220097868e+00
   6.05387249727810e+00
  -1.79209405752717e+00
   1.65406381052490e+00
   4.83839324495475e+00
   3.06592542520375e+00
  -1.88438192078083e+00
  -1.82687432931689e+00
  -2.31071326622386e+00
  -7.27461317382583e-01
   3.48406893270349e+00
  -4.51174424069356e-01
   7.35155494824594e+00
   3.25742478296943e+00
   4.84385958910080e+00
   6.04607070584334e+00
  -1.26291564521980e+00
   2.05697202039173e+00
   4.28326325602993e+00
  -1.10155709916759e-01
   4.49514705242619e+00
  -7.92293350008522e-02
   2.99252142054284e+00
   5.38500097739471e+00
   1.32100848912214e+00
   3.53013835415877e+00
   5.56165936175658e+00
   4.64385281316536e+00
   4.40956469179182e+00
   6.66422446698162e+00
   4.99674314908644e+00
   6.67501700061676e+00
   4.75434289244786e+00
   5.85181242316194e+00
   5.74030234568509e+00
   6.59212822391110e+00
   6.65243956557843e+00
   6.27697172092722e+00
   6.09345661903772e+00
   8.57092227950543e+00
   8.11433480778815e+00
   9.06554706332882e+00
   5.82173430219027e+00
   7.15821577285224e+00
   9.55423783148545e+00
   7.91107941982373e+00
   1.09336155602983e+01
   8.41719616815281e+00
   9.55267886886814e+00
   1.06532591661386e+01
   6.31931912783384e+00
   9.30778071272526e+00
   7.97082118199851e+00
   7.09800892844269e+00
   4.95957274452449e+00
   5.30464047936275e+00
   4.39661526848395e+00
   4.22844912480341e+00
   5.05594569904643e+00
   7.73354147177597e+00
   7.70157883428565e+00
   5.18919185727155e+00
   6.00060006668682e+00
   4.96117171297156e+00
   4.70968239229078e+00
   5.48421180779369e+00
   5.51797459004829e+00
   7.66611269871701e+00
   5.57062153557675e-01
   1.62610044426911e+00
   1.19754417101470e-01
   4.55343450528799e+00
  -4.73279283818917e-01
   4.40388554198362e+00
   5.00984820126232e+00
  -3.49945272677721e-01
   1.39487229744739e-01
  -9.79632032812694e-01
   8.19399097009009e+00
  -3.35715014779814e-01
   5.96079407551409e-01
  -1.29886870642567e+00
  -1.37719927631169e+00
  -1.84980923847379e+00
  -1.13177905502143e+00
  -1.78199204662578e+00
  -5.96893678898047e-01
  -1.22075675864780e+00
   2.37737068189799e+00
  -9.40352946731215e-01
   8.47925988717234e+00
  -1.52082041744906e+00
   3.04159273426249e+00
  -5.03240862321397e-01
  -1.05375820441568e+00
  -1.08958409748029e+00
   3.35237679440125e+00
  -8.49771791326381e-01
   6.26317497979526e+00
   1.11572802246024e+01
   1.86860185163462e-01
  -2.75128406287328e-01
   9.54054950425964e-01
   3.64699761967680e-01
   9.31373464825865e+00
   4.95519454385031e+00
   6.44556066095502e+00
   7.51090015594910e+00
   6.37271289545479e+00
   6.96542384665063e+00
   3.84645170013810e+00
   1.62221791977627e+00
   5.48839356738936e+00
   4.74467587921991e+00
   5.48817785145784e+00
   4.89103964007936e+00
   4.33312219193395e+00
   6.48380698626679e+00
   4.95546614113719e+00
   4.02379595996590e+00
   8.54974051128975e+00
   7.62287319947118e+00
   8.60740703831707e+00
   4.48808523120133e+00
   5.71889323116975e+00
   7.08505312946327e+00
   1.05808869516119e+01
   8.76328565334971e+00
   1.09762074423139e+01
   9.95834736839297e+00
   1.04722379125911e+01
   1.05245824432637e+01
   1.13027008246996e+01
   1.11284468693435e+01
   8.77957099597152e+00
   9.26450134277784e+00
   1.08243534523177e+01
   1.01063495381646e+01
   7.76844838540510e+00
   8.18473112870434e+00
   6.14463034963192e+00
   8.23573499049471e+00
   5.07784049203165e+00
   5.36461629952155e+00
   9.41767657373530e+00
   5.03672665793656e+00
   7.17768378317997e+00
   5.71909480525447e+00
   5.31418006212844e+00
   5.47744078337983e+00
   4.58596221590651e+00
   4.63570831955676e+00
   6.08944218768611e+00
   7.99353051975741e+00
   4.67558379846705e+00
   4.54528408629867e+00
   7.43036434103542e+00
   7.30428700583671e+00
   5.85825691476257e+00
   7.17813314755004e+00
   7.20943693520949e+00
   5.71442229398199e+00
   5.20101963384659e+00
   6.07799618383579e+00
   5.54066542036308e+00
   5.75371936163774e+00
   5.51293503224825e+00
   4.70052969597473e+00
   5.34936232409619e+00
   4.44848399588919e+00
   4.69107088384190e+00
   4.35918468552300e+00
   5.25578962240670e+00
   4.81737596754156e+00
   5.37005198703410e+00
   5.23391715453782e+00
   5.29052031482079e+00
   3.82902042068108e+00
   9.74609758944153e+00
   1.55144823859755e+00
   5.07784595370650e+00
   1.18677043114127e+01
   4.60308382901585e+00
   2.29538755586928e+00
   9.70853807187323e+00
   8.27424723682325e+00
   9.76080791888856e-01
   4.96533495191270e+00
   1.20162543444218e+01
   2.73292174504659e+00
   2.65428176981553e-01
   4.86447064425247e+00
   5.77224144813554e+00
   2.62376270830467e-01
   1.04919729144791e+01
   2.99856765339482e+00
   5.22991935059147e-01
   2.94931775895803e+00
   4.51601238235581e+00
   4.65355206236436e+00
  -3.75514920751263e-01
   3.91359565876938e+00
  -6.32676595336668e-01
  -2.04859409399794e-01
  -7.53837128440316e-01
   4.36052146420507e-02
  -9.20061757387336e-01
  -8.54320927755359e-01
  -9.09952163369232e-01
  -8.27633523494475e-01
  -6.55785141106568e-01
   4.10475514668688e+00
   3.83122340800183e+00
  -1.02798299853420e+00
   5.43252799525872e+00
   1.56175450504689e+00
  -8.51123107594864e-01
   2.07711334435826e+00
   6.30046387789717e+00
  -1.04695422261957e+00
   2.33325931113141e+00
  -6.10971302825780e-01
  -3.13795381879933e-01
   3.84432901897126e+00
   6.62643726018908e-01
  -5.88132790489360e-01
   2.38367499146589e+00
   2.09918485950821e+00
   1.41060827346160e+01
   7.54597667060407e+00
   7.98747840172476e-01
   7.73822587330508e-01
   2.00365610026532e-01
   4.80076102485837e+00
   5.94718907069003e-01
   7.19575908729494e+00
   6.59691490891967e-01
   5.63745098093571e-01
   5.34040336763665e+00
   1.04322980203561e+00
   1.71505293342816e+00
   4.86209413241395e+00
   1.50117734229352e+00
   5.08305469987190e+00
   7.09176727062241e+00
   5.16358383748011e+00
   5.03663542604554e+00
   4.96901918812055e+00
   5.53310279324760e+00
   5.35160922582291e+00
   5.68882501368589e+00
   5.01226921026555e+00
   5.87010735471777e+00
   5.50439271399282e+00
   5.99527299221391e+00
   5.37836728822695e+00
   6.95333640861063e+00
   6.74897545871372e+00
   7.34022924487418e+00
   6.73428944144744e+00
   4.99942592119224e+00
   5.49916112925585e+00
   6.35167348214564e+00
   7.56866342510930e+00
   4.69611210701769e+00
   8.35715590677010e+00
   5.19547692697925e+00
   7.90510956820126e+00
   7.85303228661233e+00
   6.52421756033673e+00
   8.99292756019404e+00
   7.56749452869426e+00
   6.38033319742645e+00
   8.51527113789471e+00
   4.87335477185352e+00
   6.84879755597704e+00
   8.14830611432681e+00
   7.79360736867657e+00
   4.84819743172066e+00
   5.09405410269265e+00
   9.07255431282520e+00
   6.38314663604488e+00
   6.84556356534868e+00
   7.74189758640714e+00
   8.87910831641475e+00
   9.52153866185709e+00
   8.20696467363232e+00
   7.16238304597082e+00
   9.00403288872494e+00
   9.05784551528596e+00
   8.08079329463508e+00
   8.53359295081700e+00
   9.12461173666598e+00
   1.05793016621015e+01
   1.00401259852612e+01
   9.80446776728113e+00
   1.07763189960957e+01
   1.10845420867741e+01
   1.11353704992149e+01
   1.04824562621439e+01
   9.27195544575680e+00
   9.56511067473057e+00
   9.28343393841770e+00
   9.09005135920834e+00
   1.06749379959007e+01
   8.54367411032454e+00
   9.72814792051450e+00
   9.18669719008504e+00
   6.97220441348291e+00
   9.81757274010361e+00
   6.50820222725143e+00
   6.84332322332976e+00
   6.38014523252023e+00
   6.64769899101939e+00
   8.91991897759054e+00
   5.57191799935536e+00
   6.39311026478081e+00
   6.11435595865769e+00
   7.91855314485529e+00
   7.93877799740640e+00
   5.19878932407719e+00
   7.38027293087326e+00
   5.05494201873317e+00
   5.04660700699388e+00
   4.86071237194720e+00
   5.55543579819696e+00
   7.72689287408012e+00
   6.77493763988023e+00
   6.68271633565437e+00
   7.41653165792341e+00
   6.13550581761556e+00
   4.73700584191702e+00
   6.96214979280340e+00
   5.72346414613149e+00
   5.72757078382947e+00
   5.35061395954072e+00
   5.57069730951353e+00
   4.95420281734423e+00
   4.41965302105073e+00
   5.26874688308053e+00
   5.64382247114791e+00
   6.03302061745635e+00
   4.00666815435725e+00
   5.50686368003935e+00
   5.73920305135344e+00
   5.76076358523151e+00
   4.24300485122385e+00
   5.98762323086758e+00
   4.32251010704986e+00
   4.80430033774665e+00
   5.47649770467670e+00
   6.43422036871980e+00
   5.50245233687802e+00
   9.08850780154408e+00
   4.52569828324213e+00
   5.01907035637087e+00
   5.12989776619234e+00
   3.87046215640167e+00
   6.78760610169830e+00
   8.71845912118315e+00
   5.31341371616291e+00
   4.66643165350943e+00
   9.25183203169636e+00
   5.09209720133240e+00
   4.99180672555267e+00
   4.69618132561264e+00
   5.00562736768243e+00
   4.01056938108523e+00
   4.46058285329455e+00
   4.86412999551303e+00
   3.01543552944222e+00
   1.22861093919310e+00
   1.58097518058694e+00
   1.90736211669046e+00
  -1.85821092117655e-01
  -2.60175784609573e-02
  -6.74001331339213e-02
   4.27606932101353e+00
   1.72779108127598e+00
   1.72379787214195e+00
   5.42315529362950e+00
   3.88745131770575e+00
   3.79431722083664e+00
   4.25396248834259e+00
  -4.34033319488114e-01
  -4.02011156069781e-01
  -6.85205107874387e-01
   2.97451126294257e-01
   1.33763468532434e+00
  -3.43409234296266e-01
   1.76386844996669e+00
   2.68436450647280e-01
   3.73755065832538e+00
   4.19784381875254e-01
   1.23872712895314e+01
   4.42271588383901e+00
   4.30186320200446e+00
   1.06336289018655e+00
   4.87121111207726e+00
   1.18800506791609e+01
   1.61844929189611e+00
   5.25731974974460e+00
   5.12142115313109e+00
   4.97319160002062e+00
   7.33915736557774e+00
   6.91048523524896e+00
   8.99468550522270e+00
   6.82232812612765e+00
   6.84695553082347e+00
   5.00740711957460e+00
   4.41672198360775e+00
   4.34617694041263e+00
   5.45252936515736e+00
   5.07464834714083e+00
   5.03460585337562e+00
   5.90213578823805e+00
   5.17532549436565e+00
   4.28439653922451e+00
   4.73321631150666e+00
   4.96527498974556e+00
   4.26189839941399e+00
   4.98218845394204e+00
   4.28735779335566e+00
   4.92530317956662e+00
   4.72828121831354e+00
   4.89145300994606e+00
   5.01160554036287e+00
   6.09075430250469e+00
   7.89679976854186e+00
   4.81941883754699e+00
   4.99932853859318e+00
   7.73037158401676e+00
   6.93861128500485e+00
   4.99061974717788e+00
   7.45745884931294e+00
   7.56008202907251e+00
   7.21825015708019e+00
   9.02123977116899e+00
   9.50518092475304e+00
   1.00214713597603e+01
   7.18160115923693e+00
   7.45349151714491e+00
   1.03357673829856e+01
   1.06736737970146e+01
   9.23118430703708e+00
   1.09086416871656e+01
   1.12299711753218e+01
   1.05649702698252e+01
   1.05106006899910e+01
   9.37090213627071e+00
   9.86342794531593e+00
   1.05066245790846e+01
   7.73128213255004e+00
   7.99049668312873e+00
   9.29820250358316e+00
   1.00324042181734e+01
   9.32454308363558e+00
   7.15849360497541e+00
   8.67587468226757e+00
   9.58624056707377e+00
   7.58342412289549e+00
   1.02326669534074e+01
   7.25913029607964e+00
   7.40229778639842e+00
   8.75278439801205e+00
   9.04192828054929e+00
   6.31195296769475e+00
   7.45159991809542e+00
   5.91822493764139e+00
   8.14129514058605e+00
   6.43791446428222e+00
   5.69931339853665e+00
   8.70763963078444e+00
   5.57549592488668e+00
   6.45630591034715e+00
   8.52118360308450e+00
   5.77440680943310e+00
   5.49193609240829e+00
   5.63616556444740e+00
   5.73206622737471e+00
   5.24741003701420e+00
   5.61254203074041e+00
   5.54171685749280e+00
   6.17754938778544e+00
   5.16308075805737e+00
   4.95331754030358e+00
   5.28141960701815e+00
   6.27873903711643e+00
   6.02699018107215e+00
   4.83531066177475e+00
   4.96301063108658e+00
   6.68083586991143e+00
   6.67188504103761e+00
   6.12342745997067e+00
   5.95287689828238e+00
   6.11335337642286e+00
   6.62941983603614e+00
   5.17761933434086e+00
   6.55201480574815e+00
   1.15719212163463e+01
   1.36451488284189e+01
   6.93456947949981e+00
   5.28148338983611e+00
   4.97895460132950e+00
   1.19859183288378e+01
   6.73440158998856e+00
   1.42978991826391e+01
   4.53402358751246e+00
   1.51259885577074e+00
   8.07088259653577e-01
   4.15182390823302e+00
   2.08369499824224e-01
   1.90506345823506e+00
   4.30591729648823e+00
   9.61053484630211e+00
   4.19048015726785e+00
   1.80738576141815e-01
   1.20585513342172e+01
  -5.55681523968787e-02
   8.07756444015106e-01
   3.26514904423703e-02
   2.04393937672703e+00
   1.32492298940233e+00
   1.79717306930852e+00
   3.61712703877911e+00
   4.32463245877498e+00
   2.18399518876689e-01
   3.81504199622762e-01
   1.12138479201404e+00
   7.97197917159431e-01
   7.85930926106685e+00
   1.77954959202052e+00
   1.08331369333937e+00
   1.37634165255173e+01
   1.70190684751160e+00
   4.97823642315834e+00
   1.45514417811737e+00
   4.65817264801499e+00
   5.00384662182624e+00
   1.53462579272000e+00
   4.09544798094940e+00
   4.41032780120677e+00
   4.80035088833629e+00
   8.49096291959141e+00
   5.83133380730997e+00
   7.83678657529036e+00
   9.11586397795018e+00
   6.46087274693000e+00
   6.33618581289793e+00
   6.26144095711479e+00
   4.02762988085724e+00
   6.25975088112737e+00
   4.09431163846475e+00
   5.52095349954070e+00
   5.94644107916847e+00
   5.66953069490465e+00
   5.25691373318805e+00
   5.26176692936188e+00
   4.85588943673120e+00
   7.49966469841693e+00
   5.92353458842408e+00
   6.00230595257981e+00
   6.03223375163052e+00
   7.95319590168274e+00
   5.59742877424524e+00
   6.57120290332441e+00
   5.53923817229188e+00
   7.94610650669311e+00
   8.66990628599579e+00
   8.11541603337046e+00
   5.73252619636205e+00
   7.36029588704751e+00
   7.09009029558784e+00
   7.98019913509561e+00
   6.16651914604572e+00
   8.48392755845507e+00
   8.90102732678825e+00
   8.19871744509383e+00
   9.28481828944369e+00
   7.86185945906309e+00
   8.61942862257420e+00
   8.59925209909361e+00
   9.61386720830942e+00
   9.82519102765819e+00
   8.95523769921111e+00
   1.04238321245981e+01
   9.31395169059724e+00
   9.41411862882488e+00
   1.06107546101435e+01
   1.11847494275304e+01
   1.02193935249084e+01
   1.10688070492239e+01
   1.10771076653742e+01
   9.19482647189452e+00
   1.08830249875433e+01
   9.16717922009921e+00
   9.53457742460214e+00
   8.53401105426256e+00
   8.56184189552151e+00
   8.67020465082587e+00
   9.10023699710164e+00
   7.59469969746588e+00
   7.85157737953396e+00
   7.10864998489397e+00
   7.58522552517261e+00
   7.19398507392780e+00
   9.09268590249267e+00
   6.14703955905552e+00
   6.40278807305149e+00
   5.78795615586442e+00
   6.67625880008073e+00
   7.48174664084272e+00
   4.93355843162190e+00
   5.39010114112498e+00
   5.52595962336054e+00
   6.10110406535623e+00
   5.63125462725166e+00
   4.52221274206804e+00
   6.62202834094442e+00
   6.79738174028953e+00
   6.95317552247671e+00
   4.70852581354903e+00
   6.72929711216111e+00
   6.06879452769190e+00
   6.37156572277545e+00
   3.96259205659190e+00
   5.92534125574330e+00
   5.51096562924668e+00
   9.87876015681705e+00
   5.82122716692138e+00
   5.82268068204085e+00
   1.19511598409013e+01
   5.99432016061255e+00
   7.01919591072565e+00
   4.90023447092026e+00
   1.43086907605317e+01
   4.53783772318784e+00
   1.19639279881140e+00
   1.06702575915788e+00
   7.95839239190721e-01
   4.59288775041896e+00
   4.13846683116445e+00
   8.53108705069283e-01
   4.70026854746320e+00
   6.21528310949182e-01
   7.40224446809046e-01
   1.09640348107914e+00
   1.59544131573112e+00
   4.34041778753963e+00
   4.84424341882969e+00
   1.44758387509051e+01
   1.60483915035962e+01
   5.12818690174809e+00
   6.49557682552823e+00
   4.69648995847874e+00
   9.87991209267930e+00
   1.17679137238889e+01
   5.95449476612030e+00
   6.38605126030652e+00
   5.06511363619721e+00
   5.27798072455935e+00
   5.06349273371652e+00
   5.28577134189673e+00
   5.68833460688948e+00
   4.69850673351230e+00
   6.10534906630219e+00
   4.42660928070436e+00
   6.31268195996254e+00
   4.87537781100910e+00
   6.59891620323888e+00
   7.52761609863283e+00
   7.48592890238852e+00
   7.56071610729178e+00
   8.21671971883061e+00
   7.41349787088493e+00
   4.95990082488843e+00
   5.82355996926308e+00
   5.25288459323802e+00
   6.55047613743646e+00
   6.81430115653766e+00
   9.48047697639195e+00
   6.86997121513796e+00
   8.09991949754986e+00
   8.04033185402714e+00
   8.09024213652320e+00
   8.23232857283583e+00
   1.02197246104020e+01
   8.86732874496884e+00
   9.00363390613220e+00
   9.32252104969903e+00
   8.48119052932871e+00
   1.05970552889454e+01
   1.00757979364795e+01
   1.02287806493956e+01
   1.04401062155199e+01
   9.80694000023105e+00
   1.03031766999771e+01
   1.01970744361375e+01
   1.04393762972501e+01
   1.10355870982909e+01
   1.02385630679288e+01
   9.38943523302042e+00
   9.81645292754875e+00
   9.92663687266541e+00
   9.00191881749434e+00
   8.88775814781239e+00
   8.97531448875325e+00
   8.34948814093023e+00
   8.29887773832579e+00
   8.15805051059270e+00
   9.97271203203182e+00
   8.54160205984099e+00
   7.26993911560440e+00
   5.91355969934794e+00
   6.27072062291573e+00
   5.47944754071578e+00
   8.62617356433985e+00
   7.32072837884571e+00
   9.11884919954046e+00
   7.01762465176271e+00
   8.88216904173133e+00
   8.46932162922313e+00
   7.96383874413150e+00
   4.98418996090150e+00
   7.20085153330329e+00
   5.66817873814726e+00
   4.42331895481457e+00
   4.83945135879876e+00
   5.35732719979988e+00
   5.81310042462574e+00
   5.85359010404373e+00
   4.17292745758514e+00
   6.01192750630671e+00
   4.04556626454505e+00
   6.37557580524172e+00
   4.57174089613600e+00
   9.73954887272667e+00
   5.48283828950898e+00
   5.69743705300935e+00
   5.00519036384558e+00
   4.45935563594103e+00
   5.72627768763651e+00
   4.94187311103870e+00
   4.43088402751582e+00
   1.09312644141533e+01
   4.18516577404317e+00
   4.25174601994568e+00
   3.99905491381615e+00
   8.93959965517807e+00
   4.38734704010185e+00
   4.99349607642271e+00
   1.43855221390646e+01
   5.99450039565509e+00
   4.66492162329869e+00
   4.49946070316910e+00
   7.91320337521538e+00
   4.71145143761133e+00
   6.18734201798871e+00
   4.92239506027600e+00
   7.28169947970455e+00
   6.38619984757097e+00
   4.30006919248681e+00
   4.36827920373671e+00
   4.62171193699360e+00
   7.53907496267002e+00
   4.56645823012932e+00
   8.44871851091339e+00
   7.77488118622441e+00
   7.15670638035645e+00
   6.38045615340216e+00
   4.92557933369481e+00
   5.65095436236843e+00
   9.50069025650974e+00
   7.12503367163263e+00
   8.31245068650842e+00
   7.69131209579482e+00
   7.78133288709396e+00
   9.31722965443041e+00
   7.79747738302431e+00
   6.93889393885966e+00
   7.93641395981067e+00
   7.57917353092180e+00
   7.77198703454415e+00
   7.54959670758181e+00
   1.03752204577682e+01
   7.78995730295774e+00
   7.47225166372173e+00
   8.78335640277838e+00
   9.23676517530166e+00
   9.69594426049353e+00
   9.96233922463089e+00
   1.05949763047698e+01
   1.04872786905440e+01
   1.08569926301294e+01
   1.08710920417530e+01
   9.97769301316621e+00
   9.53528639045599e+00
   9.39063227670486e+00
   9.78764851081960e+00
   8.71022025292459e+00
   7.66761285815901e+00
   1.02224964841122e+01
   9.08527044996900e+00
   8.46549892542553e+00
   6.38973259909162e+00
   8.07262078695258e+00
   7.52145416579934e+00
   8.48634240394913e+00
   7.37355081171754e+00
   6.18477500370828e+00
   6.93777148440459e+00
   7.76257711914296e+00
   9.31779529878950e+00
   7.79317252191104e+00
   8.77045169507310e+00
   6.50880656581249e+00
   8.70741761346435e+00
   8.06930764743411e+00
   5.77051728967545e+00
   5.74244932836846e+00
   5.34440343461083e+00
   5.79886433209195e+00
   6.33152283524451e+00
   3.88129986202385e+00
   4.62231973911512e+00
   4.35053137296618e+00
   6.79023023770297e+00
   5.80560240271607e+00
   6.35722399927600e+00
   4.71338102666378e+00
   6.35304788862013e+00
   1.17778337259830e+01
   5.36476291493327e+00
   4.00788391421484e+00
   4.79221779121927e+00
   4.52756015943633e+00
   4.59182928180381e+00
   4.12812701641142e+00
   4.34488675553494e+00
   3.73663253438336e+00
   3.95662214339664e+00
   9.85987679901482e+00
   4.45124533082945e+00
   4.73529736216788e+00
   5.94582140325256e+00
   6.91175036752666e+00
   7.05872392580259e+00
   7.01492149860824e+00
   7.32998986771291e+00
   7.14260596071709e+00
   7.10847959954263e+00
   7.47923568922543e+00
   5.59177060779857e+00
   5.88368330607464e+00
   3.93776865828895e+00
   6.96501243915518e+00
   4.38734816978522e+00
   8.05506692159325e+00
   5.27517646719898e+00
   4.66224194461175e+00
   5.07659780719733e+00
   7.49161104561663e+00
   5.75769153565998e+00
   8.90516901593456e+00
   5.26939007245856e+00
   6.53667386248399e+00
   6.41523192305668e+00
   8.52979786084743e+00
   6.03301871251970e+00
   8.77918293352250e+00
   7.64859088113153e+00
   8.88616439722737e+00
   8.51436654605150e+00
   7.75599940614539e+00
   9.19160114097449e+00
   8.95180775810841e+00
   9.81953940341155e+00
   9.68477542956462e+00
   9.55890130958833e+00
   9.79232135721814e+00
   1.00257771523326e+01
   1.06731910157401e+01
   1.05415372462454e+01
   1.07832647867604e+01
   1.02781050175332e+01
   7.22379356830570e+00
   6.56915295924646e+00
   1.02681388423031e+01
   9.53819392992100e+00
   8.83935149700447e+00
   7.56301667191165e+00
   9.04957483028793e+00
   8.24285602387190e+00
   7.96040914897785e+00
   6.06081260701158e+00
   4.23291354214198e+00
   5.67952858662520e+00
   6.78420550287283e+00
   7.01803688071377e+00
   4.71713707907439e+00
   5.53884627755051e+00
   6.17749831497404e+00
   7.29051960152501e+00
   5.61899696656892e+00
   4.49646873683433e+00
   1.05984717103689e+01
   4.81985245985980e+00
   5.86327882568239e+00
   1.83097388848233e+01
   6.67767203499862e+00
   3.92336475857119e+00
   4.03670462649698e+00
   3.53751410219102e+00
   4.48604137050607e+00
   3.80348130086586e+00
   3.66768446224851e+00
   7.88534450312509e+00
   5.29984928860413e+00
   3.50301524099960e+00
   5.08948545414624e+00
   4.62985888250896e+00
   3.82678738063132e+00
   3.67897758699710e+00
   5.94291870141260e+00
   4.76173850141149e+00
   7.60871461646330e+00
   5.42249877656159e+00
   4.44540932483560e+00
   8.72407685179096e+00
   8.31753332047865e+00
   6.95191206003128e+00
   4.74103149566018e+00
   9.13056913371347e+00
   8.37601005251200e+00
   5.83395541369155e+00
   7.98292871118574e+00
   7.09170890202641e+00
   7.06767320687559e+00
   9.34070147507610e+00
   7.64512191977301e+00
   9.82884070609144e+00
   8.88856675861062e+00
   4.93654076438416e+00
   9.17490942568348e+00
   7.99886458069578e+00
   5.49003698000034e+00
   9.39906159510938e+00
   6.85183039668628e+00
   8.73864836531139e+00
   9.58169856110599e+00
   9.79968308723128e+00
   9.00022775252237e+00
   9.94692404272483e+00
   1.01320343025287e+01
   9.04438287521371e+00
   9.36499012080331e+00
   1.06945083196757e+01
   9.94539910996591e+00
   1.04728802340384e+01
   8.75993432885535e+00
   1.03725569932118e+01
   9.04380824886685e+00
   1.06077722965943e+01
   1.03371394039692e+01
   1.04271556891086e+01
   5.87797632127204e+00
   8.01714239954036e+00
   1.06385551215959e+01
   4.85279370307635e+00
   1.03204775258115e+01
   1.01198540616275e+01
   9.32006826154120e+00
   1.01060363998891e+01
   9.43891334375676e+00
   4.45580827413833e+00
   8.21074324494985e+00
   1.02090847987080e+01
   8.95527174728213e+00
   8.37077488991381e+00
   8.31323974633106e+00
   9.40340693739982e+00
   5.79819790676138e+00
   7.51476493774644e+00
   6.05001129300090e+00
   9.17662733125381e+00
   7.74640676984800e+00
   6.26080651543871e+00
   4.79424717889797e+00
   8.12938410220395e+00
   4.54167046669282e+00
   4.94103493113526e+00
   4.57200604330920e+00
   1.16245974740928e+01
   8.53115438886162e+00
   4.84896133923994e+00
   3.23493607953024e+00
   1.51857284111708e+01
   5.27442576358735e+00
   4.38866144332278e+00
   1.62226619957488e+01
   4.86106008823354e+00
   1.84617360992257e+01
   3.09030265098554e+00
   1.93612426313217e+01
   3.16904302567819e+00
   1.69936385920033e+01
   3.31491782481462e+00
   3.34081166263841e+00
   4.37206516024217e+00
   3.94355630137907e+00
   3.78404848318551e+00
   5.03053940158734e+00
   1.27450674791640e+01
   9.40734388671499e+00
   7.51804897288876e+00
   1.17001203633714e+01
   6.23125416143976e+00
   4.59786479973955e+00
   6.07390562188866e+00
   6.99517004412028e+00
   4.15312573775791e+00
   5.73352894248783e+00
   8.91751681036167e+00
   8.89301258874239e+00
   6.62593699255977e+00
   8.50300951890913e+00
   4.39605926517798e+00
   7.87923587736769e+00
   1.00336406247885e+01
   9.04989815701865e+00
   8.31242277598049e+00
   7.65286717526633e+00
   7.59130275435437e+00
   9.41677613650936e+00
   6.69218040362066e+00
   5.08616957775357e+00
   5.35377252477302e+00
   9.53384551556210e+00
   9.70223141208008e+00
   1.06062883314104e+01
   1.12469819798940e+01
   1.04748881928623e+01
   1.03850105882708e+01
   9.28181817894765e+00
   9.06976993649605e+00
   9.26323881295103e+00
   8.91079728710847e+00
   6.77902801303899e+00
   6.41501012385616e+00
   6.09679271213336e+00
   1.08468957402971e+01
   8.43326671566101e+00
   1.05169682688080e+01
   1.02066987578661e+01
   4.38388295065634e+00
   7.68902790874163e+00
   5.23290392814543e+00
   9.54996975638606e+00
   5.47999422226949e+00
   5.67397399109323e+00
   5.01784269929940e+00
   8.69625544897245e+00
   5.46350917036816e+00
   4.59413005019597e+00
   6.27473689653980e+00
   7.30718116554326e+00
   3.48543009329715e+00
   4.67395167059349e+00
   8.22749643537518e+00
   2.96741330387759e+00
   2.87936162715651e+00
   4.71579387113307e+00
   3.06428339206887e+00
   2.94418046117298e+00
   4.42133661561511e+00
   3.62823689891284e+00
   1.74456775898585e+01
   3.86554496315566e+00
   3.66654384461581e+00
   2.96221655901773e+00
   3.64913332830893e+00
   2.87682419364556e+00
   2.90783362086641e+00
   5.74103404997514e+00
   4.77338914959601e+00
   5.06938342489830e+00
   3.87320301256805e+00
   4.82939612903065e+00
   7.32255539854178e+00
   4.68732099835106e+00
   5.04853833659181e+00
   6.60727595177887e+00
   9.25663714320363e+00
   7.89873607625905e+00
   8.86924945974043e+00
   8.09876625456182e+00
   9.57044601100788e+00
   6.50324496642097e+00
   9.87109948587713e+00
   8.24247164662720e+00
   5.02333757620418e+00
   7.70294021784194e+00
   8.83067694685961e+00
   9.61673267257138e+00
   1.02901112920386e+01
   9.66274203108751e+00
   9.31065650327637e+00
   9.48613653368339e+00
   7.84765496342116e+00
   7.32317174084128e+00
   5.57596010951839e+00
   6.91732919918250e+00
   6.26372814017996e+00
   7.19375891588298e+00
   4.71139965523489e+00
   4.90322892720142e+00
   4.73522018810909e+00
   5.21099911705333e+00
   4.83404088757252e+00
   3.19701888463951e+00
   3.46640785326654e+00
   1.02697647460724e+01
   3.78255809494531e+00
   6.08833174749689e+00
   7.02373133761339e+00
   1.13415693688517e+01
   2.78580699928680e+00
   2.66571671575603e+00
   4.25943900102593e+00
   2.52756016591830e+00
   1.78193529720198e+01
   3.99448351184274e+00
   5.01732276518906e+00
   2.60524713756295e+00
   5.45738854350985e+00
   1.58543758373804e+01
   7.19896176838629e+00
   8.33417864330895e+00
   7.76840468732244e+00
   4.40376780232382e+00
   7.37195141435277e+00
   5.44966622101638e+00
   8.08003088071073e+00
   9.70882444610707e+00
   1.00315955966886e+01
   5.92574158804892e+00
   8.44541451404494e+00
   9.60775211913697e+00
   6.81323881322496e+00
   1.05567490846448e+01
   9.85634394435747e+00
   9.19890656007792e+00
   8.82523968960468e+00
   5.75246573378591e+00
   5.43988316158502e+00
   5.97915504188732e+00
   4.87991025491338e+00
   4.43397565764426e+00
   6.21313181991864e+00
   3.64082177121018e+00
   5.11995112288387e+00
   2.99518066215624e+00
   3.47034947620214e+00
   4.05147299878136e+00
   3.99245601450330e+00
   3.05384164949428e+00
   5.27721363080728e+00
   6.22508891031485e+00
   1.63196997632491e+01
   2.61797192545655e+00
   1.75214588728801e+01
   3.67757227166349e+00
   8.62874185859764e+00
   3.10251267263139e+00
   2.31585789261372e+00
   5.42049040942002e+00
   2.70619760590817e+00
   4.92756323933973e+00
   3.78166884377661e+00
   4.33288377969857e+00
   4.95840666563309e+00
   4.64577574521682e+00
   4.62550264101592e+00
   5.66574135601113e+00
   8.65401567960417e+00
   8.13287026222097e+00
   4.40753288144661e+00
   8.29777425504344e+00
   9.05611847541022e+00
   9.52185351143781e+00
   8.07427052266631e+00
   6.50274057400621e+00
   6.43653824779958e+00
   7.55759943247595e+00
   8.65754464176062e+00
   8.49005265216020e+00
   9.47313465392708e+00
   8.95792428664718e+00
   9.16625651664672e+00
   5.47219183443358e+00
   9.69777858072630e+00
   8.04586597849321e+00
   5.71982758684099e+00
   5.70186745097144e+00
   4.09897512989174e+00
   6.12996175189492e+00
   4.57213086586362e+00
   8.78446430006589e+00
   3.38792000755402e+00
   1.10920983559305e+01
   1.03913087938559e+01
   2.95596215499300e+00
   2.12841039659052e+00
   1.95668503059151e+00
   2.78060583107672e+00
   3.11958380310043e+00
   1.80564749487585e+00
   3.05951637870349e+00
   3.85020409556146e+00
   2.54211646040913e+00
   3.24803453848345e+00
   1.88407446458368e+00
   6.50674786430100e+00
   3.14731613551030e+00
   1.88532544971677e+00
   1.94051441420070e+00
   1.57175538850248e+01
   2.43086354565148e+00
   8.97939961253597e+00
   1.48126991452778e+01
   2.63701221352276e+00
   6.53252408431454e+00
   4.42314649110868e+00
   4.95991185733201e+00
   4.67578404378001e+00
   5.03917511664950e+00
   4.44723401617976e+00
   6.89378650377476e+00
   5.11713501862742e+00
   6.46254343894780e+00
   6.24029398807634e+00
   9.60894404795963e+00
   7.63063270260828e+00
   8.95645809255766e+00
   9.73453165079773e+00
   7.57920030760543e+00
   5.29573039798889e+00
   7.24274639617816e+00
   6.67830132697928e+00
   6.12865376854698e+00
   4.72433730895373e+00
   1.00145089295489e+01
   9.26998257548858e+00
   5.30291760790588e+00
   4.72229417039726e+00
   6.09609145390605e+00
   2.53447889274921e+00
   3.74078350130785e+00
   4.32760754263709e+00
   4.38912099817171e+00
   3.45929000057422e+00
   2.91087206863322e+00
   6.00126765328296e+00
   3.34266186205751e+00
   1.68580040443030e+00
   1.98149716186945e+00
   5.75274409168797e+00
   2.13048532730736e+00
   2.57291879323075e+00
   1.93704569219845e+00
   2.18286647023488e+00
   2.00959792085141e+00
   2.66913808809986e+00
   1.92445919872680e+00
   2.87842840075937e+00
   1.32085145730622e+01
   7.09899749650104e+00
   3.85058983725285e+00
   4.70147198203049e+00
   4.60301720152584e+00
   6.38184272584622e+00
   6.95450085793764e+00
   4.22082809471304e+00
   6.86420994373348e+00
   8.19893794035179e+00
   9.59087800259167e+00
   4.97450089417780e+00
   5.91569555311308e+00
   6.13789040772245e+00
   6.05312224948248e+00
   1.08896429185785e+01
   8.96546101615113e+00
   7.73112566114887e+00
   9.58364663575194e+00
   1.01151879418972e+01
   8.97914889013064e+00
   8.15721736049054e+00
   8.21895941892817e+00
   9.60904206231644e+00
   6.96287135572730e+00
   3.79781533825335e+00
   5.83164784969140e+00
   7.93934532758213e+00
   8.18704139012935e+00
   6.02388018958718e+00
   4.66908562464651e+00
   4.43897192602035e+00
   4.43681648533184e+00
   4.64473552399850e+00
   2.75725526476490e+00
   2.96814042410970e+00
   3.80608997473301e+00
   1.18418431245851e+01
   2.03771066349473e+00
   3.84820797522080e+00
   6.96233636363614e+00
   3.17581155900880e+00
   1.55032923428789e+00
   1.00711351888604e+00
   9.04474349936757e-01
   7.27544382016786e+00
   1.54682790374009e+00
   1.33674202857088e+01
   9.73843694464959e+00
   1.06938421822229e+01
   1.69784507990067e+01
   1.92803654231793e+00
   3.95516330366318e+00
   7.90651471496003e+00
   4.69702900898538e+00
   2.54509033794020e+00
   4.12430718625328e+00
   3.85669932691654e+00
   4.74963214181171e+00
   4.34270068768056e+00
   4.42815383840353e+00
   8.67434883505721e+00
   6.76667364573914e+00
   6.34337406818813e+00
   9.46856400956276e+00
   9.67389412410794e+00
   1.05545681860855e+01
   1.05672246083310e+01
   8.15533374309835e+00
   9.64095310810590e+00
   1.01498756391544e+01
   7.14256322524361e+00
   8.07893564747756e+00
   6.57499392867121e+00
   9.72535185135767e+00
   8.82691644338193e+00
   5.20953874407096e+00
   4.76952127235618e+00
   4.50367060569133e+00
   2.43048474538282e+00
   5.55701343371821e+00
   4.34176855999849e+00
   4.52154356558422e+00
   3.80852232622656e+00
   7.85359739409669e+00
   9.42937281673094e+00
   6.74228567721057e+00
   3.60250492170108e+00
   1.21506566118169e+00
   1.50202936641163e+00
   1.03198483297370e+01
   7.73218463512476e+00
   1.65439760133322e+00
   3.09065494550905e+00
   1.20453568716185e+00
   4.17940368050095e+00
   3.21245828470692e+00
   6.32024603256068e+00
   2.17293663818564e+00
   6.88398105965516e+00
   6.88836081681584e+00
   8.51613979505655e+00
   4.77650437606426e+00
   2.39814078152504e+00
   4.51355765292701e+00
   5.17104553551290e+00
   4.71705562018142e+00
   8.07677815358202e+00
   4.18254109975406e+00
   3.78657546621580e+00
   7.31121490680889e+00
   9.30821645516117e+00
   5.81208424132965e+00
   8.92293275915618e+00
   9.53114527456419e+00
   8.92497628840884e+00
   1.05189120904975e+01
   1.06802742894439e+01
   1.04285143119620e+01
   1.01957368975769e+01
   4.01492115109304e+00
   5.44407245377497e+00
   8.08725690797528e+00
   4.39219800626288e+00
   5.34529619920304e+00
   4.56671218753909e+00
   4.88196660360755e+00
   4.34034526427295e+00
   1.64991036879710e+00
   4.79705798973610e+00
   5.53462327434827e+00
   4.95066347896737e+00
   1.23315048159662e+01
   3.44726624824089e+00
   1.48677837165090e-01
   1.36717236430796e+00
  -5.48341803727814e-01
   3.12113377288424e+00
   7.52799271299919e+00
   4.50189491160072e+00
   4.45522154932954e-01
   9.31464630212397e-01
   3.35495426650650e+00
   4.13038297081639e+00
   3.37619762015547e+00
   3.68803907402308e+00
   4.42474301969978e+00
   4.08997498432709e+00
   7.83766864047321e+00
   6.99755630008040e+00
   8.14244798059972e+00
   6.00784541159610e+00
   6.65931496933409e+00
   6.96555379229776e+00
   1.05425429843814e+01
   9.17255049258129e+00
   6.75566688660693e+00
   1.08039865184133e+01
   1.01048947372243e+01
   5.18601264066602e+00
   5.43865834284188e+00
   6.32282966110379e+00
   9.57059880195684e+00
   8.69317377408206e+00
   8.98209834061218e+00
   9.29372337491768e+00
   4.34315968610063e+00
   4.93735167686337e+00
   5.14874937562636e+00
   4.56938167590634e+00
   4.57648401241441e+00
   5.47051350698039e+00
   2.13243444914551e+00
   4.65066362558501e+00
   4.38762687359086e+00
   4.19334606263474e+00
   3.80936189963504e+00
   3.59288385046111e+00
   5.29054630542815e+00
   2.48090733010086e+00
   3.23236108588899e+00
   2.35750288773543e+00
   2.32142695488674e+00
  -9.49233302043828e-01
   4.72112744994829e+00
   3.35899096713147e+00
   3.44030516960684e+00
   3.06663870208522e+00
   4.52394251906808e+00
   3.89707007519119e+00
   1.50632158482095e+00
   5.70662494558801e+00
   5.69963800237984e+00
   5.25251177012306e+00
   5.60219118913720e+00
   6.43407038226597e+00
   5.87568663739203e+00
   7.20616401350126e+00
   8.95690896270990e+00
   7.67660334932371e+00
   5.94417454195136e+00
   4.34918215060461e+00
   6.46203386166290e+00
   5.80850310787410e+00
   9.09668510774336e+00
   4.86955035883566e+00
   5.95943640622009e+00
   8.81741244677924e+00
   9.37141177512840e+00
   1.00106523907294e+01
   1.11070030219986e+01
   1.08585775073430e+01
   8.77473095075002e+00
   5.96166790774587e+00
   6.15085750730996e+00
   5.64268013597994e+00
   5.71863111927596e+00
   5.50720405727189e+00
   5.13430271683374e+00
   8.51631962089469e+00
   9.38996943576113e+00
   5.16273240551127e+00
   4.67629845471093e+00
   4.56650837871221e+00
   5.35638194842759e+00
   5.05131610937551e+00
   4.43053186407324e+00
   4.40867682848930e+00
   4.30107409550201e+00
   4.85128863704686e+00
   4.13620107167899e+00
   2.69663487004491e+00
   2.44664880556739e+00
   2.10966739346586e+00
   1.83387581296811e+00
   3.52816800471428e+00
  -1.15461028960399e+00
   1.60060329997632e+00
   5.18511337311848e+00
  -1.10860331839776e+00
   2.82209387103703e+00
   3.48029702241147e+00
   4.28310724944877e+00
  -6.82492296409143e-01
   4.69947871370605e+00
   1.37044140552740e+01
   4.81046394432324e+00
   6.17546296949113e+00
   4.99141713115078e+00
   4.87325342706354e+00
   8.48310401718718e+00
   8.31696593966681e+00
   7.04131412997467e+00
   5.96062763918835e+00
   8.18152090576459e+00
   8.27146137615328e+00
   4.63387336079050e+00
   6.49347387996441e+00
   7.28444416848161e+00
   9.76252895703110e+00
   1.02923761683365e+01
   1.13057369876793e+01
   1.08285840180821e+01
   1.05554244160709e+01
   1.02628240999644e+01
   9.57515828179621e+00
   9.94889086933254e+00
   1.04581174557830e+01
   1.03371749817421e+01
   5.01514434241072e+00
   5.07617909639121e+00
   7.73881319185475e+00
   7.84699673559371e+00
   5.65127050315878e+00
   8.62645408299668e+00
   8.23729087285811e+00
   7.99204108116610e+00
   6.52663310539138e+00
   5.76263518331016e+00
   5.47423732371554e+00
   4.78127464728514e+00
   4.88748797225126e+00
   1.13552160291471e+01
   3.69748200983488e-01
   1.47532127769464e+00
   3.93846711602291e+00
   1.33619540156411e+01
   3.74824039561700e+00
   3.85695415828250e+00
   1.01776275617395e+00
   4.54847282829233e+00
   2.35048938609962e+00
   2.79994501821020e+00
   2.71787026184084e+00
   2.56845218539693e+00
  -2.33099930871449e+00
  -1.09162006869555e+00
   3.47497702398923e+00
   4.04439476772550e+00
   2.01905111642245e+00
   2.98256709780217e+00
   6.48246736266683e+00
   6.11340633720884e+00
   5.50951631012649e+00
   8.25711950199602e+00
   5.00543956202874e+00
   1.10697223165340e+01
   1.09913906120761e+01
   6.95480236500371e+00
   1.00653194936109e+01
   1.01665004113835e+01
   9.88964133308000e+00
   1.11100045410063e+01
   7.38877058623130e+00
   9.53710063002345e+00
   9.97086301081763e+00
   5.37431217081176e+00
   9.17196293024117e+00
   4.83099718567756e+00
   5.03420091957251e+00
   9.17039215406076e+00
   5.05446244495088e+00
   5.48929083088806e+00
   4.67744012606145e+00
  -1.71077072031012e-02
   3.18636968873361e+00
   2.64833026190500e+00
   2.45040546424716e+00
   1.97007361146516e+00
  -1.28198680722053e+00
   3.94285363673189e+00
   1.02952580535257e+00
   5.30378088529326e-01
   6.59195102419344e+00
   8.60804571691970e+00
   6.91223164861240e+00
   5.15985974043870e+00
   9.26204137088517e+00
   8.11253461645775e+00
   7.84505667918948e+00
   1.04685396043629e+01
   1.09584327295175e+01
   5.45741569726997e+00
   4.25103058135447e+00
   1.97924371116697e+00
   4.91858619273499e+00
   4.11416079892261e+00
   3.99351527471991e+00
   2.49188325545274e+00
  -1.16530828278828e+00
   3.04334013931621e+00
   4.65991085164260e+00
   4.15047251622637e+00
   6.00125358862952e+00
   4.85406460080012e+00
   5.94341309948104e+00
   5.95283365515170e+00
   4.61023654502751e+00
   5.84945729090632e+00
   5.45591801106239e+00
   7.32543908473472e+00
   1.10977546790587e+01
   1.07427101641684e+01
   1.02094306503710e+01
   1.11471348790525e+01
   1.15972039660215e+01
   1.00993336848938e+01
   8.24015352089246e+00
   7.20099083305795e+00
   7.54573433162532e+00
   1.00854958103406e+01
   6.11166107681184e+00
   8.82488830355269e+00
   6.56303337487371e+00
   6.53270190369367e+00
   5.07801750593954e+00
  -1.86631700086709e+00
   3.66766654208787e+00
  -2.62989969552964e+00
   1.86848244146004e+00
   3.85122725877464e+00
  -5.96254265651075e-01
   5.86726548238458e+00
   3.40945939961423e-01
   1.42326443702410e+01
   4.30495177752673e+00
   4.88029561814128e+00
   6.23587927291792e+00
   5.12978835670820e+00
   5.28976021615163e+00
   9.09870641271992e+00
   4.93033144458023e+00
   4.13697569368251e+00
   6.87814946089075e+00
   9.49081081951645e+00
   8.22370777501019e+00
   5.14856592201850e+00
   8.09664515484710e+00
   5.35224684520527e+00
   6.89186783645764e+00
   1.00588861333386e+01
   8.74765695328333e+00
   9.97442742735130e+00
   1.08766954945218e+01
   9.77337477968886e+00
   5.54996980211454e+00
   1.01880973634075e+01
   6.30267171744036e+00
   8.16356986879837e+00
   5.48202465313862e+00
   7.64954158681176e+00
   8.10642905224140e+00
   6.48472653666031e+00
   6.46888919744070e+00
   5.70835465808214e+00
   7.02418847429781e+00
   3.05300275143109e+00
   1.49383859223290e+00
   5.95571878155224e+00
   6.41443631278035e+00
   5.36903312072864e+00
  -1.90955814761710e+00
   1.60462837523537e+00
   5.64219822365940e+00
   1.72086996120070e+00
   1.43729861138675e-01
   6.54207698565242e+00
   4.64063393779325e+00
   4.95518713492457e+00
   3.62333041887778e+00
   5.91782732040483e+00
   7.76904445454475e+00
   7.31546039067380e+00
   6.95792329466313e+00
   4.09795168775927e+00
   5.70775818103412e+00
   4.84198923275526e+00
   5.28858310836368e+00
   6.26329479778688e+00
   1.04237331025211e+01
   8.90667523342982e+00
   5.54011263184803e+00
   5.55386751560091e+00
   9.57596701462590e+00
   8.28624488991009e+00
   6.34209827915638e+00
   4.30041590455458e+00
   1.43937740938150e+01
   5.07598088600444e+00
   9.25195999307616e+00
   4.44323622539796e+00
   3.22475386417919e+00
  -2.31673546586025e+00
   2.65655137807753e+00
   2.86184642625867e+00
   1.18517489138922e+00
  -1.71974363103745e+00
   1.41156988598196e+00
   3.46695126873383e+00
   5.89523229016832e+00
   4.77550472467611e+00
   4.48493333452061e+00
   5.24625070741477e+00
   7.30950809839269e+00
   5.52466879276435e+00
   6.79766195633474e+00
   9.14333146322915e+00
   5.60420906002092e+00
   6.10409440505973e+00
   1.02767475354818e+01
   7.62196482149248e+00
   8.59359980564077e+00
   1.06497880782905e+01
   1.03979591627018e+01
   9.44373388588756e+00
   1.02584816116001e+01
   6.58273879310455e+00
   4.29595380635929e+00
   5.83923163351811e+00
   6.21994048586257e+00
   3.14691689966876e+00
   1.09228604649439e+01
   4.54288962044357e+00
   3.58018082136423e+00
   6.33206288628626e+00
  -4.80123178176106e-01
  -1.64535129096655e-01
  -1.78480830840633e-01
   1.35624828781656e+00
   3.74181091563569e+00
   2.20522552286239e+00
   2.12141709490025e+00
   4.57112619831660e+00
   7.03259868474161e+00
   3.55819135421009e-01
   7.39399224831286e+00
   4.65637583770840e+00
   1.04467073067377e+01
   1.10354503663126e+01
   1.10326319059419e+01
   9.92033700131797e+00
   8.69531667552165e+00
   7.35244378850494e+00
   9.22970475024213e+00
   1.02116449772262e+01
   5.01768430472621e+00
   6.99370262569173e+00
   4.41558292061982e+00
   9.58025831785617e+00
   1.17540241218472e+01
   2.35308526867412e+00
   2.26349701463787e+00
   4.76613294309173e+00
   3.44888780492111e+00
   1.02365378923478e+00
   3.34728443395361e+00
   9.80418710133202e-01
   3.64454318365061e+00
   5.20194648243487e+00
   5.06348874749220e+00
   5.31403373179783e+00
   9.68045771867819e+00
   7.98185346016508e+00
   4.82617125642774e+00
   8.22933071318003e+00
   1.03469480186783e+01
   1.11841606373724e+01
   1.05162376341519e+01
   1.04374693123924e+01
   8.32584517548239e+00
   6.77411576228278e+00
   9.21157107737199e+00
   5.38688471991063e+00
   5.69415866237305e+00
   4.82231617161742e+00
   4.72025049264685e+00
   6.04316231236280e+00
   7.85192968717693e+00
   6.13078862420989e+00
   5.50983600792788e+00
   5.44034102511487e+00
   1.56300271153723e+00
   7.78425932378978e+00
   7.43573616546710e+00
   4.89825682398626e-01
   6.80733331255945e-01
   1.19344052121105e+00
  -1.90366820592717e+00
   5.68383586374333e-01
  -7.87734336262835e-01
   2.97247564811242e+00
   8.10390956883621e+00
   7.43652131207510e+00
   8.67148675513872e+00
   4.38933785645131e+00
   4.74655553157900e+00
   5.30790471691999e+00
   5.59198689064088e+00
   8.54314293567823e+00
   4.21016495332024e+00
   5.95441480898499e+00
   8.97624121753834e+00
   8.07067773217168e+00
   1.01657534580050e+01
   1.03957111608275e+01
   7.77522772376015e+00
   7.69679528255493e+00
   9.52848023996976e+00
   1.15454730476182e+01
   1.09043386032959e+01
   8.88321055061224e+00
   9.08913663284293e+00
   9.67215257426742e+00
   9.41125576599061e+00
   5.92995017480517e+00
   5.91496881868862e+00
   6.14582932669746e+00
   7.22589058471440e+00
   7.44544620791258e+00
   9.03710705422837e+00
   5.42325730364665e+00
   6.41643159506712e+00
   9.40299533147536e+00
   7.92511016098215e+00
   6.54680946980134e+00
   9.83941162519896e+00
   1.87332954417853e+00
   6.42391122010488e-01
   2.89701062909499e+00
  -6.18399460444741e-01
  -8.72822640685078e-01
  -1.67291371573756e+00
   4.00355539261964e+00
   7.04048241230394e+00
   7.21981825261592e+00
   4.44563628569140e+00
   5.39482265108345e+00
   7.89528023997773e+00
   7.21173499448978e+00
   9.44779365952909e+00
   8.98236401188169e+00
   1.08125335505571e+01
   1.07487736985655e+01
   1.04089940037562e+01
   1.09256248487151e+01
   1.04372925850663e+01
   5.92858974953797e+00
   6.98916702845563e+00
   6.19852201539798e+00
   7.37881988975969e+00
   8.45367851748561e+00
   5.77646807085385e+00
   6.01401987428799e+00
   5.48152266747420e+00
   6.70564511429402e+00
   4.86468413008024e+00
   5.71909039861621e+00
   4.85953968077920e+00
   3.55737320251647e+00
   4.16810323493392e+00
   5.60167824399341e+00
   4.63679537138487e+00
   1.29135040936544e+00
   3.69387557200808e+00
   3.59605762749252e+00
   3.52449691743514e+00
   2.27493497082433e+00
   4.57556802710369e+00
   5.75363298551620e+00
  -1.22539920245744e+00
  -2.24938885543424e-02
   2.38774831275860e+00
   7.32675826400792e+00
   4.19038164187041e+00
   1.55440926030733e+00
   5.18615910603385e+00
   5.25788994794366e+00
   4.44044817496033e+00
   4.97108236145832e+00
   4.86666329173259e+00
   6.29737252509640e+00
   6.55983507888832e+00
   7.40861931151867e+00
   1.04863803285576e+01
   1.02324614341847e+01
   9.72131609358312e+00
   7.91722456090666e+00
   9.47805329497496e+00
   5.73877542854516e+00
   5.61528507276362e+00
   5.06856230552385e+00
   4.19081442442403e+00
   4.16041618803374e+00
   4.62162230908744e+00
   4.35537889812222e+00
   7.78659293690053e+00
   4.79423766285491e+00
   6.29519290947067e-01
   3.04289675553319e+00
   1.24617324109350e+00
   1.13129068654926e+00
  -1.22849675185025e+00
  -1.04243792486104e+00
   2.35217511679421e+00
   3.72931201352967e+00
   5.91969735208350e+00
   2.15265454090152e-01
   6.31883245451318e+00
   8.62381801401225e+00
   5.55158205232201e+00
   5.83961654918367e+00
   6.19870346668504e+00
   9.55026355482515e+00
   9.49617219389948e+00
   1.13497406668381e+01
   1.12474840770397e+01
   1.06030285139292e+01
   1.02010469582916e+01
   9.79394759240732e+00
   9.91087284242495e+00
   7.10694258598833e+00
   8.61586717890587e+00
   9.95312973851069e+00
   5.18368819955922e+00
   3.95936040836714e+00
   3.69679872776997e+00
   3.55641139392956e+00
   5.56004791119958e+00
   2.18563257474725e+00
   6.56856902428993e-01
   2.39288999733256e-01
  -1.25014033521383e+00
   1.50223442317893e+00
   3.88814511448400e+00
   3.53676639381829e+00
   3.26843984885782e+00
   5.22134207170039e+00
   6.17420002593517e+00
   5.52490918806198e+00
   6.74208058601890e+00
   6.62061086705362e+00
   9.65406403702728e+00
   1.14574470629856e+01
   1.12441649273302e+01
   8.77864463889692e+00
   8.83833647579250e+00
   6.20451318521246e+00
   4.43402880205722e+00
   2.00094996619610e+00
   1.29894377098990e+00
  -2.74322761783330e-01
  -6.15476545107774e-01
   1.79892076760607e+00
   1.48103874737954e+00
  -1.12439489632324e+00
   5.98759264954063e-01
   1.60711955209590e+00
   1.27164886533192e+00
  -1.23051957227235e+00
   1.53699423815906e+00
  -9.32190248449294e-01
   6.51856746874783e+00
   8.64993020814475e-01
   4.27886399223153e+00
   2.06962863406316e+00
   6.19899924093316e+00
   1.25925533609971e+00
   6.61849474391241e-01
   3.71524080397249e+00
   7.12172337430784e+00
   6.64430181753287e+00
   9.13462873775698e+00
   1.03291634302701e+01
   8.18432915182766e+00
   8.21703770998793e+00
   8.79002921574793e+00
   9.68296418139344e+00
   1.08535610808582e+01
   8.97494329336096e+00
   9.17605718250852e+00
   1.03309399198048e+01
   8.64332033511855e+00
   7.36488449472800e+00
   9.20653631958940e+00
   5.48853789769564e+00
   7.47891411293095e+00
   6.03144263700924e+00
   3.42826191106779e+00
   1.84211068413388e+00
   2.35050773372277e+00
   1.00410203906959e+00
   1.35852419874082e+00
   5.84702036658710e+00
   8.79586499859764e-01
   1.56958750156319e+00
   3.14055203194185e+00
   1.79489087366219e+00
   2.46750365066019e+00
   2.57230040650084e+00
   6.00087125376925e-01
   2.31962228092980e+00
   6.47373967797703e+00
   6.51980018533832e+00
   6.97796545944639e+00
   9.25628547091092e+00
   1.03928994479526e+01
   1.01686373272793e+01
   7.52292698819529e+00
   7.51431113038107e+00
   7.70507513284938e+00
   8.21672545510465e+00
   1.42886933920691e+00
   2.11753414026189e+00
   8.06933270762839e+00
   1.10094310257919e+00
   7.21177409928353e-01
  -3.22276690093892e-01
  -1.06605997813803e+00
   5.40263981427470e+00
   2.65292232039028e+00
   8.06409682887134e+00
   4.55384686943583e-01
   2.44746818937583e+00
  -4.16267272470938e-01
   2.57852778911966e+00
   7.32927599213381e+00
   1.07851189732906e+01
   9.47467435949475e+00
   7.64339338098180e+00
   8.66656944074803e+00
   6.98936900101271e+00
   4.04021661032002e+00
   2.23828774131162e+00
   2.66067632465420e+00
   1.68125440046024e+00
   1.31125534924704e+00
   3.49074430392248e+00
  -1.66098254994174e-01
   3.47822315689482e+00
  -6.37376758249408e-01
   9.52350812263469e-01
   7.63709290668524e-01
   5.32091819343860e+00
   5.64926198767901e-01
   1.26145630418305e+00
   6.48097214371413e-01
   3.09260005954511e+00
   7.42461305074412e+00
   9.34632982721778e+00
   1.04840107504338e+01
   9.95169977211899e+00
   5.89164744983973e+00
   4.18624114614031e+00
   2.08046850453284e+00
   2.79423843431287e+00
  -4.35949387969592e-01
  -7.20131242810018e-01
   2.32824458815285e+00
   1.65320940382626e+00
   9.28916736277697e+00
   1.10409808015271e+01
   2.78792654221943e+00
   1.25381571413582e+00
   2.48502578595490e+00
   1.77671538581817e+00
   3.19869075001955e-01
   1.77902102744211e+00
   1.53632539825649e+00
   2.90565629036846e+00
   9.92404118056223e-01
   1.70110829054065e+00
   3.90455343359063e+00
   2.16333975438884e+00
   9.91794787983602e-01
   2.72465140442912e-01
   1.76684241126223e+00
   1.75585112536337e+00
   4.17622324248990e-01
  -3.65711892021836e-02
   6.43055545315840e-01
   1.69654858373688e+00
   1.58895451041244e+00
  -1.05616283526067e-01
   9.66052604604195e-01
   1.04403204170976e+00
  -4.39449099594091e-01
   1.42468685665390e+00
   6.72557684134545e-02
   2.67569939917903e+00
   1.25549309712424e+00
   1.75646756397837e+00
   3.91335602226318e+00
   1.69986558890342e+00
   1.06072376462207e-02
   5.85198827030220e-01
   2.98684979778100e+00
   2.88005049808872e+00
   9.42545019466345e-01
   7.76614156785038e-01
   3.90560123724393e-01
   2.62235683210802e+00
   2.60893931231843e-01
   3.09825205834441e+00
  -2.02913034803687e-02
   1.20095349855601e+00
   1.30568190832546e+00
   2.61701628333467e+00
   2.31220615972288e+00
   1.80604126617764e+00
   1.83505832333649e+00
   7.09755019152547e-01
  -7.79884088564331e-02
   3.32893337627505e-01
  -3.01410054016193e-01
   1.94352035123811e+00
   1.52245303530035e+00
   2.66508937791569e+00
   1.54754664916309e+00
   3.88994702125822e-01
   1.59879718158263e+00
   3.51054651906091e-01
   1.59897506665041e-01
   2.72375873719832e-01
   3.25088368805182e-02
   1.88073375793975e+00
   1.11162593628306e+00
   1.93130548237205e+00
   1.31347571739807e+00
   1.79678569689313e+00
   1.90789561318579e+00
   2.28210867904236e+00
