  -5.78706666489597e+00
  -4.07466978441880e+00
  -5.53822262378344e+00
  -6.51923847065609e+00
  -5.97616683939123e+00
  -6.52396378600861e+00
  -6.89005191153137e+00
  -5.97825577307594e+00
  -6.32138527360803e+00
  -6.31716537368811e+00
  -5.95302467535748e+00
  -6.42862809546205e+00
  -5.01578948667338e+00
  -5.00608978286982e+00
  -6.97543019538716e+00
  -4.37089358944468e+00
  -3.54810942548829e+00
  -7.23139080842884e+00
  -3.40329017190379e+00
  -7.20157820964050e+00
  -5.38360615218153e+00
  -5.39375396052856e+00
  -7.19003785421683e+00
  -6.11165199590141e+00
  -5.38899029249660e+00
  -5.88890809495933e+00
  -5.78422546042748e+00
  -6.18526076431408e+00
  -7.22350926216041e+00
  -7.21022808388625e+00
  -7.16112689521378e+00
  -3.36342589995729e+00
  -7.13685955684832e+00
  -4.19356442684875e+00
  -4.21280305499386e+00
  -4.21057830360587e+00
  -6.99042000085774e+00
  -5.79867379794177e+00
  -6.43148071354699e+00
  -4.66954757372559e+00
  -4.65208421900570e+00
  -6.27751976777927e+00
  -6.12650082672917e+00
  -5.53497046645043e+00
  -4.67725438394928e+00
  -6.86282449853024e+00
  -6.50773915925492e+00
  -4.46678104091825e+00
  -4.65471173441074e+00
  -1.49278155702950e+00
  -6.00053474573178e+00
  -1.49269941602302e+00
  -6.50204540398772e+00
  -4.67259816742990e+00
  -4.04842039134655e+00
  -3.53374650508431e+00
  -6.38559360709405e+00
  -3.74269552966143e+00
  -4.45947069809245e+00
  -1.48650464340903e+00
  -4.22385571417090e+00
  -1.48312577098159e+00
  -1.48048740448894e+00
  -1.48759997245793e+00
  -2.33320757539605e+00
  -2.29852952775400e+00
  -2.08448520702404e+00
  -1.49199409023913e+00
  -1.48882081686338e+00
  -4.04938568656326e+00
  -3.51782000328058e+00
  -6.31789715177820e+00
  -4.07508454957951e+00
  -4.10299883578500e+00
  -6.17864770492815e+00
  -6.38984145689392e+00
  -1.49385570947038e+00
  -4.67105899920671e+00
  -1.49611979928977e+00
  -6.16029458968478e+00
  -1.48917460438520e+00
  -6.36770323560904e+00
  -1.49298615844782e+00
  -4.46375528181670e+00
  -4.65847333091597e+00
  -6.39017750896801e+00
  -4.45906304238906e+00
  -4.66942160025519e+00
  -1.49512549470342e+00
  -5.72282924895171e+00
  -5.78566132343349e+00
  -5.98703051619486e+00
  -5.78147858605462e+00
  -5.78906387338247e+00
  -4.65551025784589e+00
  -4.45631076430254e+00
  -4.44998876732370e+00
  -4.45778859572329e+00
  -6.52719938508835e+00
  -4.65783218833531e+00
  -4.54716103721557e+00
  -6.89217832578834e+00
  -6.98372250360171e+00
  -5.03091925320405e+00
  -5.95653631576715e+00
  -6.91829947646602e+00
  -5.03670076994240e+00
  -7.10558427590331e+00
  -5.20158772826653e+00
  -6.73665875882034e+00
  -7.59243250681538e+00
  -5.13688420159906e+00
  -7.20724952230285e+00
  -7.21552532387068e+00
  -7.12211918010780e+00
  -7.13735599744086e+00
  -7.12619373572306e+00
  -3.38394109401997e+00
  -7.15170473580747e+00
  -3.35369379626718e+00
  -3.36050832324327e+00
  -7.16344581986687e+00
  -7.17612420372279e+00
  -6.56433752930843e+00
  -5.33579602819918e+00
  -7.18384282810075e+00
  -3.38578085761037e+00
  -7.17715037789367e+00
  -7.16568967414605e+00
  -5.85978051666189e+00
  -7.15454030553337e+00
  -3.38919899064058e+00
  -3.40287256648662e+00
  -7.22506723661263e+00
  -7.10512660759014e+00
  -6.09683744059475e+00
  -7.21324696435295e+00
  -5.12658172606916e+00
  -3.44756133094234e+00
  -6.08104959015236e+00
  -7.11830196570736e+00
  -7.11511596627224e+00
  -7.19456489802360e+00
  -4.30426539810833e+00
  -6.75195358806832e+00
  -7.21680152562840e+00
  -6.07432919068015e+00
  -6.97624392315811e+00
  -7.00408364803388e+00
  -6.97958055975687e+00
  -6.53969340616459e+00
  -7.00011435205124e+00
  -6.52298235854778e+00
  -4.46413811742150e+00
  -4.66282561665821e+00
  -5.78107652542531e+00
  -4.07582218892730e+00
  -4.46382796440867e+00
  -5.69476980972468e+00
  -5.99156668004616e+00
  -5.77866347736017e+00
  -5.69391774567521e+00
  -6.49796951485769e+00
  -6.14301820839592e+00
  -4.46191755904238e+00
  -5.71245665407787e+00
  -4.66672508607826e+00
  -3.53551594782493e+00
  -1.48954174398159e+00
  -4.46156006594265e+00
  -1.49136914094970e+00
  -4.45723547534635e+00
  -3.74354182763818e+00
  -4.65910126148901e+00
  -2.33460615854619e+00
  -1.48422085491939e+00
  -3.73588004804878e+00
  -1.21978582659835e+00
  -1.21773644946211e+00
  -1.48701813582647e+00
  -4.51471410068098e+00
  -4.06039625869198e+00
  -3.50738077635469e+00
  -1.48800038205468e+00
  -4.53556707524194e+00
  -4.06102756376822e+00
  -6.37969083115240e+00
  -6.49796268144473e+00
  -6.49855563881829e+00
  -6.16906532096164e+00
  -5.77248209682330e+00
  -5.70378551486192e+00
  -1.49430795948888e+00
  -4.65642324615601e+00
  -1.49376871236313e+00
  -4.67509212109007e+00
  -4.52519958288303e+00
  -5.80146420896108e+00
  -4.53255788961951e+00
  -6.90832689463150e+00
  -6.90894564504470e+00
  -5.02393326811580e+00
  -4.54690867021327e+00
  -4.55421172358638e+00
  -6.91758110303090e+00
  -4.55813682708822e+00
  -7.60043987167774e+00
  -6.10229760556558e+00
  -5.97996080840221e+00
  -7.09589207904082e+00
  -3.25951280441950e+00
  -6.75955178170807e+00
  -7.16396290961256e+00
  -5.86735263016817e+00
  -6.19766187366986e+00
  -7.18055520730741e+00
  -7.15068070896359e+00
  -5.38787859756849e+00
  -5.78370965224894e+00
  -5.90045077821287e+00
  -7.17741874903277e+00
  -3.71036718611322e+00
  -5.89805954717303e+00
  -5.94999264163107e+00
  -3.69860686179891e+00
  -6.18667631875269e+00
  -3.35465124363327e+00
  -5.06731090765606e+00
  -5.78487518121165e+00
  -7.14563027780969e+00
  -5.82337260667555e+00
  -7.24110163106070e+00
  -5.78203648355884e+00
  -5.82480941856466e+00
  -6.24777954455749e+00
  -6.74804608182512e+00
  -6.73980884608955e+00
  -7.11927246958112e+00
  -5.35129786003563e+00
  -6.32100634023573e+00
  -4.54736593412781e+00
  -4.10220497996943e+00
  -6.77943719792347e+00
  -5.80615402978856e+00
  -4.52857900117351e+00
  -4.46708482848589e+00
  -5.70442940412522e+00
  -4.54115797286158e+00
  -1.49828664224970e+00
  -4.45895332674354e+00
  -4.46727721438856e+00
  -4.53372144597915e+00
  -4.46399323722380e+00
  -4.66838912458434e+00
  -4.10221914116391e+00
  -1.49399761610994e+00
  -1.49167573372688e+00
  -4.51883372177826e+00
  -4.07655378774416e+00
  -6.49841692029622e+00
  -4.46781467867640e+00
  -4.67691772365015e+00
  -5.76418948201263e+00
  -4.46466197052268e+00
  -3.53489448471100e+00
  -3.51891114424234e+00
  -3.51314784388069e+00
  -4.07585308532998e+00
  -1.48737157078881e+00
  -1.48399164827515e+00
  -1.49052892939721e+00
  -4.46336938266086e+00
  -1.48791023611648e+00
  -1.48258790377736e+00
  -2.33479825257564e+00
  -2.70721980721373e+00
  -5.67764689561591e+00
  -5.69339848517575e+00
  -6.32973656726972e+00
  -4.53695292932707e+00
  -4.10464604561184e+00
  -6.39586002007491e+00
  -6.50025407366593e+00
  -4.46344893465357e+00
  -5.72794100061401e+00
  -4.53163664681688e+00
  -1.49386428146727e+00
  -4.52956553142394e+00
  -6.50728099983553e+00
  -1.49103227022420e+00
  -6.50841086059245e+00
  -6.51124217201686e+00
  -1.49197357682874e+00
  -4.54163230708173e+00
  -6.51452138337299e+00
  -4.54258255047944e+00
  -4.67377444201293e+00
  -4.54250060502136e+00
  -6.52323240636815e+00
  -4.54268496036457e+00
  -4.45903588455258e+00
  -6.53831276338587e+00
  -6.54331883156192e+00
  -6.38331280348393e+00
  -6.36489776585222e+00
  -4.55392317122596e+00
  -4.54846248910098e+00
  -4.54747165234812e+00
  -6.46909712876186e+00
  -5.25693336741824e+00
  -6.04923115876500e+00
  -6.04439025337342e+00
  -4.82092908236064e+00
  -3.26274568729241e+00
  -4.81970259313493e+00
  -7.21520031380078e+00
  -7.12690950356227e+00
  -6.77341865405378e+00
  -7.23056380718936e+00
  -6.77082143845655e+00
  -7.14643372237970e+00
  -6.09475290401315e+00
  -7.15388212575999e+00
  -5.87144222039569e+00
  -7.13591718706994e+00
  -6.53791265397103e+00
  -7.13949991785012e+00
  -7.14363627439798e+00
  -5.81839053855674e+00
  -7.17520805443928e+00
  -6.53059913121888e+00
  -7.14444595596979e+00
  -5.01711698752115e+00
  -5.87881923277564e+00
  -5.76534542436184e+00
  -6.17318507660730e+00
  -5.77365295743584e+00
  -6.08947680102119e+00
  -5.89224701114199e+00
  -7.14456455914114e+00
  -6.76325955961511e+00
  -4.48500256344960e+00
  -5.83889190434274e+00
  -6.75671966060963e+00
  -6.03467062373602e+00
  -4.80430493498989e+00
  -5.98227660408156e+00
  -3.25942268017388e+00
  -6.05263673986701e+00
  -5.24108336597146e+00
  -6.23929715674058e+00
  -6.04040098107453e+00
  -5.97393449447191e+00
  -4.55016796804193e+00
  -5.01437848621026e+00
  -5.72535258338303e+00
  -4.45392597844602e+00
  -4.54048343761224e+00
  -6.54248996538445e+00
  -6.39317860637675e+00
  -5.72631860063848e+00
  -3.76253202671660e+00
  -6.53279814904272e+00
  -4.54362563883205e+00
  -4.54761359076247e+00
  -6.39882583068720e+00
  -5.95751525412561e+00
  -3.75648418577202e+00
  -6.51852204092120e+00
  -4.53908586761008e+00
  -4.53050584263974e+00
  -4.52331345910761e+00
  -4.52891338608697e+00
  -6.38620072247977e+00
  -4.46140841601391e+00
  -6.14978258552037e+00
  -5.68525850977130e+00
  -4.46568281022701e+00
  -6.41089671090231e+00
  -3.50514632727027e+00
  -4.46305503021176e+00
  -1.48952830124244e+00
  -1.48739623294364e+00
  -2.30111030007492e+00
  -2.33566975732356e+00
  -4.51585100722559e+00
  -4.53516978143807e+00
  -4.07166339854030e+00
  -4.52557309426356e+00
  -4.07851242261222e+00
  -4.51861146780539e+00
  -6.40997985850663e+00
  -4.53139355842404e+00
  -3.52342298830172e+00
  -6.37848296249831e+00
  -1.49790318655278e+00
  -6.41482891278520e+00
  -6.16573957790115e+00
  -5.69064710550447e+00
  -1.49769461562482e+00
  -6.40676518474993e+00
  -4.54241776495019e+00
  -4.53744992814018e+00
  -4.53016497879753e+00
  -3.63525412695208e+00
  -6.44715017660837e+00
  -4.54751423643847e+00
  -5.05673432510230e+00
  -5.96019814369356e+00
  -6.03705488579544e+00
  -5.94032535120732e+00
  -5.23947506040167e+00
  -5.65796768970722e+00
  -5.32188111724645e+00
  -5.23197680378689e+00
  -5.25770887061753e+00
  -3.26061242898140e+00
  -7.58666771720345e+00
  -4.48481718120638e+00
  -4.68300227134478e+00
  -6.06498792452749e+00
  -5.88608204749471e+00
  -6.08814179372166e+00
  -4.86940713093827e+00
  -5.88883923851972e+00
  -6.18069840926637e+00
  -4.84447028810882e+00
  -6.54193288418719e+00
  -7.63161396488067e+00
  -3.84273771365770e+00
  -4.86645673201110e+00
  -5.23321088228113e+00
  -6.92700915360911e+00
  -4.85874910731945e+00
  -5.98933918933926e+00
  -5.82168815277782e+00
  -4.84854576687576e+00
  -6.09245474557065e+00
  -5.82851731410847e+00
  -6.09251194047283e+00
  -4.82535415272832e+00
  -5.85768422708588e+00
  -5.96851884620901e+00
  -4.48478480689300e+00
  -5.96456856916666e+00
  -4.47751661924485e+00
  -5.18241908961227e+00
  -6.40283243013710e+00
  -4.68909500383415e+00
  -6.39138211001227e+00
  -6.03182953732721e+00
  -4.46569429571173e+00
  -4.55053438758932e+00
  -4.55074291707115e+00
  -4.54727355326577e+00
  -6.54238062876811e+00
  -5.79117797869912e+00
  -3.70207258378468e+00
  -6.53795692627045e+00
  -3.62590765373398e+00
  -4.54036433181091e+00
  -4.54006737122336e+00
  -6.52117767939762e+00
  -4.45950542846367e+00
  -6.51221116751094e+00
  -4.54177927856563e+00
  -5.69331848088405e+00
  -4.46457277521768e+00
  -6.29206667418111e+00
  -6.41006442889557e+00
  -6.16253512924595e+00
  -5.75950905716491e+00
  -3.53378840471487e+00
  -3.51561473093170e+00
  -3.53082194489161e+00
  -1.48606105509748e+00
  -4.46630411380011e+00
  -4.38999457300997e+00
  -6.39023028670545e+00
  -1.48411459482031e+00
  -2.15071409932102e+00
  -4.46419450683970e+00
  -3.52520563290273e+00
  -4.46614361423326e+00
  -7.64094174819354e+00
  -1.48792942080104e+00
  -1.49187374796475e+00
  -1.49102665282362e+00
  -1.48791700011930e+00
  -6.18441290093233e+00
  -6.49246475875316e+00
  -6.49900902386980e+00
  -6.50117793893878e+00
  -4.52760923524283e+00
  -6.50582932327870e+00
  -7.15233029403635e-01
  -6.00303781997718e+00
  -6.51342901517910e+00
  -4.52054705438559e+00
  -6.51296552298390e+00
  -9.02652021693712e-01
  -5.97081541180705e+00
  -7.25719956871899e-01
  -6.53622892605472e+00
  -4.53727539312194e+00
  -4.54752758491350e+00
  -5.02387979698506e+00
  -5.91904682097447e+00
  -4.53789161888517e+00
  -4.53746349307767e+00
  -5.92922287647252e+00
  -4.55540987147151e+00
  -7.57187044177044e+00
  -5.89569332397696e+00
  -4.54837637708306e+00
  -4.55236079359565e+00
  -6.40551572302047e+00
  -4.50154998441576e+00
  -4.48836588511404e+00
  -4.79009946184942e+00
  -5.24514034679942e+00
  -7.50099088626393e+00
  -5.97275859343699e+00
  -7.59366641489942e+00
  -5.98925970972596e+00
  -5.26009737178356e+00
  -4.99028299658130e+00
  -6.16712730961990e+00
  -6.11939968192746e+00
  -7.61475175471242e+00
  -4.83394147405215e+00
  -7.53624771255272e+00
  -4.85057470798620e+00
  -4.83352680316420e+00
  -4.83609265994892e+00
  -5.87415392322600e+00
  -4.85691182410028e+00
  -4.86242932140703e+00
  -5.85867152411174e+00
  -6.17334973194193e+00
  -6.17421464173367e+00
  -4.73590054519627e+00
  -5.84167318515847e+00
  -4.85292928212675e+00
  -4.85166235395081e+00
  -6.91762251606087e+00
  -7.52994018338268e+00
  -6.09904898510194e+00
  -5.88573440820710e+00
  -7.57717256454725e+00
  -4.84017942953142e+00
  -4.80970236656867e+00
  -4.48693905524851e+00
  -7.58112080191404e+00
  -4.48965499816950e+00
  -3.26301601579144e+00
  -3.26193221304129e+00
  -5.94569870059786e+00
  -3.27498468702834e+00
  -5.25123264628292e+00
  -5.25492959978510e+00
  -5.92838529241362e+00
  -7.57367281670486e+00
  -4.85340850581088e+00
  -6.01669922429483e+00
  -5.89908971521072e+00
  -5.92275943112418e+00
  -6.78726435184763e+00
  -6.35049902397350e+00
  -6.00425328367601e+00
  -4.54872994152129e+00
  -4.54657470373741e+00
  -4.54619641937416e+00
  -4.53303093741351e+00
  -4.53621561814361e+00
  -5.74004828760644e+00
  -6.52998072840001e+00
  -5.82593173218083e+00
  -4.53822720281914e+00
  -4.45900033412363e+00
  -4.53328250563573e+00
  -4.53369212110874e+00
  -4.24190269409110e-01
  -4.46513783629325e+00
  -6.42253659494509e+00
  -4.52183719027562e+00
  -6.51230708824278e+00
  -4.53939435743541e+00
  -8.69532509322880e-01
  -4.53038852783857e+00
  -6.16689566735386e+00
  -4.53040597554536e+00
  -4.45875055889155e+00
  -4.10519317235958e+00
  -1.49203037532698e+00
  -5.69139588234339e+00
  -6.19660165137884e+00
  -4.45912686945849e+00
  -6.49385510793763e+00
  -3.53202701092414e+00
  -6.41622553146863e+00
  -3.74123567773404e+00
  -3.52011681779186e+00
  -7.64070502862421e+00
  -1.48352512062161e+00
  -1.49046528817257e+00
  -3.52246558282422e+00
  -3.51425554810703e+00
  -4.39078401945881e+00
  -4.07090923935129e-01
  -6.49725200163721e+00
  -6.49710279781084e+00
  -6.42092716533716e+00
  -3.69041114687298e+00
  -6.51317650040892e+00
  -3.69859089785905e+00
  -4.53490551193363e+00
  -6.30098915549934e+00
  -6.03252104951025e+00
  -4.46160083423456e+00
  -4.52288183585597e+00
  -4.53672689318000e+00
  -3.70222881311793e+00
  -4.54269053745975e+00
  -3.62903334572138e+00
  -6.76596133368639e+00
  -4.45833722979023e+00
  -5.93075560306715e+00
  -6.39454465025665e+00
  -6.41009595365995e+00
  -5.98328960508024e+00
  -6.05550501965718e+00
  -4.95175823169666e+00
  -5.25971475454389e+00
  -5.26043192558336e+00
  -6.05189386783786e+00
  -6.08659429950694e+00
  -5.76027916783096e+00
  -5.76190759179644e+00
  -6.16383687154485e+00
  -7.58993380281299e+00
  -4.82201704570980e+00
  -4.84292742558409e+00
  -5.97945869562318e+00
  -3.85233288195013e+00
  -6.51241533630400e+00
  -4.82315881087561e+00
  -4.81803901841704e+00
  -5.83130254969819e+00
  -6.51757199645999e+00
  -7.59328807869224e+00
  -6.51680986750489e+00
  -5.25230544203259e+00
  -4.82288772164884e+00
  -4.83429300489752e+00
  -6.10485473900280e+00
  -7.52513900617942e+00
  -4.81696832295074e+00
  -6.43850027185817e+00
  -7.58262056017156e+00
  -7.59308002552643e+00
  -5.26147067139391e+00
  -6.31670907083389e+00
  -5.98597067879200e+00
  -4.93282129886029e+00
  -6.46938924058304e+00
  -6.40272598309002e+00
  -4.51326927357150e+00
  -4.54115602672573e+00
  -4.54954434393949e+00
  -4.55452034485415e+00
  -4.55524850044640e+00
  -4.55399201123601e+00
  -5.33920013257557e+00
  -4.23079571814469e+00
  -5.04347576824875e+00
  -6.02146511525552e+00
  -5.89773320266977e+00
  -5.91248668649405e+00
  -4.46153617148411e+00
  -3.70573972325110e+00
  -5.35176636526194e+00
  -6.34518371844024e+00
  -3.70299929044404e+00
  -6.53704380791260e+00
  -5.74431490449024e+00
  -6.30385517357263e+00
  -4.45962485638574e+00
  -6.40995457009558e+00
  -6.42221060732936e+00
  -6.00648102026298e+00
  -6.20653381416196e+00
  -6.51835102242239e+00
  -6.40499194368385e+00
  -6.49886271598461e+00
  -6.39607514848649e+00
  -6.40937294411742e+00
  -6.49860288350465e+00
  -4.52859946038416e+00
  -5.67086193308796e-01
  -5.68546886572767e+00
  -1.48712907120807e+00
  -7.29817861334129e+00
  -7.29804238069067e+00
  -1.55618876840140e+00
  -3.50533925028958e+00
  -4.08087303521370e-01
  -3.25309013673086e+00
  -3.52470721039208e+00
  -6.49027874251078e+00
  -3.62129537864485e+00
  -4.02878366636969e-01
  -5.99584462647272e+00
  -6.42513682264598e+00
  -3.62514428229815e+00
  -6.51169557205321e+00
  -3.69541908356223e+00
  -6.51374877713715e+00
  -6.35651579159821e+00
  -6.53038691329130e+00
  -3.62370175175010e+00
  -6.41118329628898e+00
  -6.41428002548309e+00
  -4.23031653020280e+00
  -5.92121314653741e+00
  -5.05423124540175e+00
  -6.25934110711751e+00
  -6.44652439563561e+00
  -5.94678291993387e+00
  -6.06115307951313e+00
  -6.04390874602177e+00
  -6.41573400328252e+00
  -6.47033479129004e+00
  -5.24122013444958e+00
  -6.42832343673308e+00
  -4.76119249058866e+00
  -4.79997174551318e+00
  -7.51558613461657e+00
  -6.72561235204012e+00
  -7.57564007212659e+00
  -6.44508046482588e+00
  -7.59894482820346e+00
  -7.58299901086866e+00
  -4.81284082152342e+00
  -6.51230151840355e+00
  -5.47906167696965e+00
  -7.59312106180550e+00
  -4.83458793728369e+00
  -4.80915801787069e+00
  -4.82337301947973e+00
  -3.84234424263377e+00
  -7.60121695718408e+00
  -5.95783234144983e+00
  -5.84075319487329e+00
  -4.83584537110892e+00
  -6.09731311984342e+00
  -6.07799078893095e+00
  -4.80648901051882e+00
  -7.59540975917025e+00
  -6.91288683313724e+00
  -7.59199457277919e+00
  -6.07283593941702e+00
  -5.97696684037419e+00
  -6.92327185963677e+00
  -4.75986557414035e+00
  -6.32238126905941e+00
  -6.11311052218116e+00
  -6.41287566602750e+00
  -5.25478004351226e+00
  -5.94193375099167e+00
  -4.95189361543771e+00
  -6.44161660386908e+00
  -6.45579376233945e+00
  -4.32575067372272e+00
  -4.95954148634291e+00
  -5.93872192259823e+00
  -6.38774585927513e+00
  -6.38946071056398e+00
  -6.42677671549518e+00
  -4.54586988998744e+00
  -6.02425253153069e+00
  -6.12636792365083e+00
  -4.84405892209725e+00
  -6.00104220538651e+00
  -3.62853049126488e+00
  -6.53086904581778e+00
  -6.47078029967997e+00
  -6.51815012517181e+00
  -6.52242020370522e+00
  -6.52370623999741e+00
  -6.43487731400819e+00
  -3.62036794054984e+00
  -6.50823800760099e+00
  -6.30311240019273e+00
  -3.69168223643283e+00
  -6.51479659903998e+00
  -6.19174538180232e+00
  -3.49185015247349e+00
  -4.03665316200204e-01
  -6.41189337306696e+00
  -3.83338620891664e+00
  -3.92409291573358e-01
  -3.68813975118019e+00
  -4.85034740784613e-01
  -6.19777693167543e+00
  -3.56461457683508e+00
  -6.01703741619986e+00
  -5.97366699263512e+00
  -6.52528917354721e+00
  -6.52442495618470e+00
  -6.52680599714768e+00
  -3.63043716675111e+00
  -6.03165114681724e+00
  -6.39352232841702e+00
  -5.35503444212918e+00
  -7.68886015863791e+00
  -7.45636630660738e+00
  -6.74366569570884e+00
  -6.38123275943690e+00
  -7.46341404272061e+00
  -6.11793003924322e+00
  -6.14260822304823e+00
  -4.53567434117849e+00
  -6.09293611461908e+00
  -6.40202140316796e+00
  -6.04162876727241e+00
  -6.46607626822788e+00
  -6.05094605772410e+00
  -5.24754501675216e+00
  -6.35356226466502e+00
  -5.96808962318119e+00
  -6.12335701547272e+00
  -6.08735017421895e+00
  -7.58932046994596e+00
  -5.24960818690306e+00
  -6.72626373815365e+00
  -4.80890649823050e+00
  -5.97821083254712e+00
  -6.33297771859361e+00
  -5.98100458567114e+00
  -4.82354973435940e+00
  -4.82405142164225e+00
  -5.25262377871513e+00
  -7.50613895306014e+00
  -6.42864894115883e+00
  -7.56381053976202e+00
  -6.74621484963791e+00
  -6.41743828402923e+00
  -4.77658537221760e+00
  -6.91516251304438e+00
  -7.50118983905031e+00
  -6.04101732630261e+00
  -6.10650684679968e+00
  -5.24122528140742e+00
  -6.11193052708131e+00
  -5.25712975925126e+00
  -4.23290709763933e+00
  -6.36469901082091e+00
  -4.55440633353601e+00
  -4.16806040627762e+00
  -5.94695762923038e+00
  -6.01907111088076e+00
  -4.23484016540442e+00
  -7.46781525789447e+00
  -3.70217851915231e+00
  -7.45582931464924e+00
  -6.01378505252796e+00
  -3.62729288883793e+00
  -6.28569459971095e+00
  -3.62525065238515e+00
  -6.31032967802639e+00
  -3.62785800086931e+00
  -3.48579346047700e+00
  -3.69443524069948e+00
  -6.51047420921441e+00
  -6.51143607079030e+00
  -4.41696442494413e+00
  -3.51222238323771e+00
  -4.39671326040661e+00
  -3.56571943653762e+00
  -3.92544484563814e-01
  -1.03381202067499e+00
  -4.39774541809038e+00
  -5.78981519008721e-01
  -5.95932771995649e+00
  -6.50457906288557e+00
  -6.50181644507848e+00
  -6.50039717800973e+00
  -6.01455049709239e+00
  -5.98116095482874e+00
  -6.02380505243127e+00
  -5.98856569843610e+00
  -6.02230876503472e+00
  -7.41776570115599e+00
  -7.42964700368975e+00
  -4.23532437239555e+00
  -7.46821340748647e+00
  -4.10433704394927e+00
  -6.13544881745838e+00
  -6.39321657470464e+00
  -4.36509683346776e+00
  -4.29718889303876e+00
  -4.54701922854110e+00
  -6.38665516957190e+00
  -4.96032776246511e+00
  -6.42455551335843e+00
  -5.24506992809165e+00
  -6.43188912751975e+00
  -4.77381875844367e+00
  -5.24668886667223e+00
  -5.26274953614029e+00
  -7.57774837105080e+00
  -6.75775874449573e+00
  -6.41453797570193e+00
  -5.95970949705497e+00
  -4.81333941072171e+00
  -4.79920479553311e+00
  -4.78668333019232e+00
  -7.58172451032988e+00
  -4.78655212854846e+00
  -7.49601145639281e+00
  -5.26491419365357e+00
  -6.06499730269388e+00
  -7.56234024374135e+00
  -4.30592022490055e+00
  -4.78509582097468e+00
  -5.97035244963172e+00
  -7.49556223368472e+00
  -7.57972050463286e+00
  -7.56220764124646e+00
  -6.41570993180085e+00
  -7.55837193113439e+00
  -6.76463640834481e+00
  -6.29629559544264e+00
  -6.40292950855564e+00
  -5.24694493282095e+00
  -6.40133500579759e+00
  -6.46239357313789e+00
  -6.40419263025069e+00
  -6.11269075822656e+00
  -4.37346472491481e+00
  -4.31011316953300e+00
  -5.92882613932488e+00
  -5.48124015938447e+00
  -4.17409945510099e+00
  -4.54545630431176e+00
  -5.93922566257970e+00
  -6.39108828454391e+00
  -6.26742872960131e+00
  -4.18014402232984e+00
  -6.85834932524540e+00
  -3.62209381928960e+00
  -5.97426368900233e+00
  -6.28031090101194e+00
  -7.41286752032738e+00
  -3.69353196036218e+00
  -6.35252625611702e+00
  -5.98381724705450e+00
  -3.56831471576061e+00
  -3.48464448703999e+00
  -6.49390297634727e+00
  -3.49094786866499e+00
  -3.90080714743817e-01
  -1.54321923929342e+00
  -1.54267987576918e+00
  -7.29277218184660e+00
  -7.62648145379012e+00
  -3.96915782424912e-01
  -3.48359206296118e+00
  -4.03466195020610e+00
  -4.06589389218880e-01
  -3.97805512574905e-01
  -4.03915762929228e+00
  -4.03400522645734e+00
  -6.01235852236368e+00
  -3.61688942854698e+00
  -5.98280710407653e+00
  -5.98049245111815e+00
  -6.34481696577586e+00
  -6.01925490420672e+00
  -6.34311997148689e+00
  -3.48300645187010e+00
  -3.56667612007550e+00
  -6.99259375156180e+00
  -5.98169796572984e+00
  -6.02773252222960e+00
  -6.35113522086249e+00
  -7.41836493046139e+00
  -6.99372534950362e+00
  -6.52904280050097e+00
  -7.42923303059615e+00
  -7.43083421195206e+00
  -3.69210379548576e+00
  -3.69556589232798e+00
  -7.43358385276770e+00
  -3.69266592660460e+00
  -6.06912671225564e+00
  -7.45153658748768e+00
  -6.38420194096489e+00
  -4.17451729369350e+00
  -7.45945378249417e+00
  -5.61039554404852e+00
  -6.39439444145228e+00
  -6.10958725971068e+00
  -6.12354247057192e+00
  -6.11485263938084e+00
  -6.40299468173271e+00
  -6.09935891622081e+00
  -6.24950623578843e+00
  -6.24430955462594e+00
  -6.08847667012378e+00
  -4.17068713085428e+00
  -5.46342586465107e+00
  -4.55401211132585e+00
  -6.09635420065206e+00
  -5.46905213969330e+00
  -6.08053004044723e+00
  -4.18036145784572e+00
  -6.40556593249676e+00
  -6.04322714543741e+00
  -6.38712345991735e+00
  -6.79864237877337e+00
  -4.28990630875887e+00
  -4.17601822612050e+00
  -4.93796363820502e+00
  -6.10678913457650e+00
  -6.77464630044051e+00
  -5.24545399707768e+00
  -6.77351004028969e+00
  -4.23678868901970e+00
  -5.26124179966610e+00
  -5.94305111367339e+00
  -6.42283366930769e+00
  -6.08422333307772e+00
  -6.40420750340309e+00
  -6.41011313831586e+00
  -7.55642138149869e+00
  -6.46587499983525e+00
  -7.57450909514228e+00
  -3.84238592130987e+00
  -7.57676521165467e+00
  -4.78783968271819e+00
  -7.56023575644485e+00
  -5.25252031753553e+00
  -7.49246721692271e+00
  -6.22997633708019e+00
  -6.38474137730282e+00
  -7.57638523151581e+00
  -6.94411827836120e+00
  -5.95718340232179e+00
  -7.49098110218620e+00
  -5.96287620986095e+00
  -6.93296831956650e+00
  -4.77892373791474e+00
  -5.96022123373041e+00
  -7.55570530676323e+00
  -5.24776618052329e+00
  -6.06218944300781e+00
  -4.23741097773654e+00
  -7.48671821244716e+00
  -4.23708511443328e+00
  -4.17637253014709e+00
  -6.32481963146893e+00
  -6.77205347092240e+00
  -6.39477183665531e+00
  -5.24515098922711e+00
  -4.54992568748457e+00
  -6.10303121622655e+00
  -6.45436032823363e+00
  -6.78762280096271e+00
  -6.43480384400391e+00
  -4.54895800045961e+00
  -6.79704205067173e+00
  -6.44581028793982e+00
  -6.42801052342020e+00
  -6.09644372907769e+00
  -4.55503075398383e+00
  -6.03946161549447e+00
  -4.31564589879963e+00
  -6.03499433841807e+00
  -6.41546528958133e+00
  -4.10769103012353e+00
  -6.24897450559911e+00
  -5.94077864693099e+00
  -5.93660956683925e+00
  -5.94420215152059e+00
  -4.23688404732911e+00
  -6.07999479084265e+00
  -3.70309631936288e+00
  -6.07264736098386e+00
  -3.62544825079704e+00
  -3.62345750393615e+00
  -3.62998799392653e+00
  -3.69589364315379e+00
  -6.04274531869669e+00
  -6.85775427021781e+00
  -3.48519716632291e+00
  -7.43166243927499e+00
  -6.04369304712327e+00
  -3.62907965364366e+00
  -6.51746897045086e+00
  -7.42079685229419e+00
  -7.42073079312195e+00
  -3.69044637817024e+00
  -3.62053024606121e+00
  -6.34917945037159e+00
  -6.34501531481874e+00
  -7.40920287513381e+00
  -5.97064195799339e+00
  -6.34045754769431e+00
  -3.61829835578874e+00
  -6.34580247313806e+00
  -5.98475570874871e+00
  -6.01697326504382e+00
  -3.62335433508269e+00
  -3.56735861431207e+00
  -3.93924996136229e+00
  -3.48442785029238e+00
  -3.48585428070419e+00
  -3.61525716124697e+00
  -4.03507947503385e+00
  -3.48660200989070e+00
  -3.48534695921171e+00
  -3.93988489759067e+00
  -3.56482848009455e+00
  -1.42062037483038e+00
  -3.48470032553359e+00
  -3.94073507723715e+00
  -1.03666348961383e+00
  -1.46126927776550e+00
  -1.41791308544407e+00
  -2.16988612114210e+00
  -7.29050086442226e+00
  -2.22158993731523e+00
  -3.29559606337398e-01
  -1.42192184966621e+00
  -2.29165262675224e+00
  -1.46517372247990e+00
  -3.95722220921925e-01
  -3.56637432147090e+00
  -3.61506197049675e+00
  -6.32330589241337e+00
  -3.56214477834419e+00
  -3.68785446680067e+00
  -3.56643835752584e+00
  -3.48879992572529e+00
  -3.56569428512648e+00
  -4.03412370389924e+00
  -3.69178135813308e+00
  -5.90234250541107e+00
  -3.48939067883202e+00
  -3.56499451014133e+00
  -7.41429144854374e+00
  -7.41342990123212e+00
  -5.99064641145014e+00
  -7.42064144537744e+00
  -5.94790975185788e+00
  -5.98532640278790e+00
  -6.52537344027587e+00
  -6.49720488758976e+00
  -3.62164211563004e+00
  -7.43823776822137e+00
  -3.49171497508451e+00
  -3.62329332234185e+00
  -7.44135986988749e+00
  -6.54186087014932e+00
  -3.62298673819032e+00
  -7.44874350887039e+00
  -3.56723444861291e+00
  -7.44298831076958e+00
  -7.45584619739384e+00
  -6.85178343543521e+00
  -6.13687462432972e+00
  -6.20351977388509e+00
  -7.47117757358501e+00
  -4.08759499951884e+00
  -6.10945842284127e+00
  -6.39657098213229e+00
  -6.38713908526643e+00
  -5.93894765790355e+00
  -6.12155170045298e+00
  -7.83489906655632e+00
  -5.57639040725553e+00
  -5.51457987466711e+00
  -6.08609321421682e+00
  -5.92926118093783e+00
  -6.40421046813844e+00
  -5.45914686220203e+00
  -4.17279029313795e+00
  -4.09694504953040e+00
  -4.23800367879812e+00
  -4.23792831729406e+00
  -6.34903152529841e+00
  -5.91697566417315e+00
  -6.09327673359530e+00
  -4.23981264887334e+00
  -5.47574070990595e+00
  -5.90369938747062e+00
  -6.15426316634330e+00
  -6.09341716409381e+00
  -6.79110755739384e+00
  -4.24006995602213e+00
  -6.07469906394090e+00
  -6.10645038615439e+00
  -4.23783197862667e+00
  -4.23663768677943e+00
  -4.23909260128949e+00
  -4.17762364726332e+00
  -7.54957962361550e+00
  -4.78870998788261e+00
  -4.78814754779887e+00
  -6.21190041147111e+00
  -4.23848971329880e+00
  -4.24014028936654e+00
  -6.93358268739030e+00
  -6.39504519859747e+00
  -6.16674937236530e+00
  -6.23515145409965e+00
  -5.24935005390125e+00
  -5.24956377151284e+00
  -7.49135753969858e+00
  -4.23747071515481e+00
  -4.24035947313314e+00
  -7.55088848085234e+00
  -4.23899672054267e+00
  -6.39714494051714e+00
  -4.23855719747644e+00
  -6.38997041748826e+00
  -6.37236644541736e+00
  -6.07205231700573e+00
  -4.23834213303689e+00
  -4.54472332636624e+00
  -6.21017021567241e+00
  -5.92027155016694e+00
  -6.37635195028906e+00
  -6.40167407589342e+00
  -6.40877310647284e+00
  -6.80845503974706e+00
  -6.36070402447876e+00
  -4.33504538850138e+00
  -5.92378199671839e+00
  -6.37341786880097e+00
  -6.22586028390833e+00
  -5.88296473765968e+00
  -5.55069668627220e+00
  -5.54905217964733e+00
  -6.08610733280148e+00
  -6.23731207192759e+00
  -4.17137438686950e+00
  -4.09210232435453e+00
  -6.83132591581489e+00
  -6.09265101630990e+00
  -7.68298070589844e+00
  -6.26181960920985e+00
  -6.12460371562338e+00
  -7.45028543120407e+00
  -5.59564395841153e+00
  -6.12056996854790e+00
  -6.55905934308976e+00
  -6.12323914505942e+00
  -6.04698155178539e+00
  -7.42482424644368e+00
  -3.62715527718956e+00
  -5.89747882338634e+00
  -5.97427747763049e+00
  -3.61922371350465e+00
  -7.41147683202144e+00
  -5.99339349483216e+00
  -3.48547610492278e+00
  -3.69199913146258e+00
  -6.33033213398267e+00
  -6.34001587576950e+00
  -6.33424633318282e+00
  -4.04840338256918e-01
  -3.48138328813820e+00
  -3.56260919603847e+00
  -3.68848581607290e+00
  -3.98222705294756e-01
  -1.42306695016373e+00
  -3.94586557034472e-01
  -7.29035387282420e+00
  -2.14268379042142e+00
  -2.23473650947903e+00
  -1.87372557702815e+00
  -1.46673225197014e+00
  -4.30807990315088e-01
  -3.50258617280087e+00
  -1.46609833500838e+00
  -3.68570349115635e+00
  -6.32636570029536e+00
  -6.31855641397669e+00
  -3.37786971998912e+00
  -6.32251874482336e+00
  -6.33264295971094e+00
  -1.42612696671836e+00
  -3.68990981281604e+00
  -3.56746551776541e+00
  -4.03096882024056e+00
  -3.69216071840174e+00
  -3.61716717835770e+00
  -3.50979831958966e+00
  -7.40909792866751e+00
  -6.98547498240623e+00
  -3.69321778548010e+00
  -7.40086337007051e+00
  -5.94703659771130e+00
  -3.69112978683643e+00
  -5.89893902610220e+00
  -7.40971117884601e+00
  -3.62611627081606e+00
  -3.47801529773824e+00
  -5.99656606237659e+00
  -5.94750210878374e+00
  -6.03469045699239e+00
  -6.52780961611279e+00
  -6.50660755178978e+00
  -7.43685096359877e+00
  -3.56429804608160e+00
  -7.44538795104563e+00
  -5.60729681395060e+00
  -6.11628331203792e+00
  -4.09429525065207e+00
  -7.46199476339552e+00
  -6.56649396737885e+00
  -7.45759781504603e+00
  -4.07570231962745e+00
  -4.24092850583565e+00
  -4.09176336308064e+00
  -4.09446934741209e+00
  -4.09696494780928e+00
  -5.47995426937450e+00
  -4.36895488701339e+00
  -4.33453178646050e+00
  -4.25745548881423e+00
  -6.19475888703346e+00
  -6.78986852203525e+00
  -6.13129687713899e+00
  -6.04773437502718e+00
  -6.30789696134161e+00
  -6.78981269795986e+00
  -6.29528104385463e+00
  -6.08364165460807e+00
  -4.23855565179019e+00
  -6.44526694228534e+00
  -6.21790373787280e+00
  -7.56262307829638e+00
  -4.17894782695839e+00
  -6.16931441724864e+00
  -3.85448493362128e+00
  -6.16481179133825e+00
  -7.54531109502204e+00
  -4.27977680072581e+00
  -7.48323828506818e+00
  -3.82557964078023e+00
  -7.47855201490529e+00
  -3.69928028153890e+00
  -4.18506099099159e+00
  -4.24134151542330e+00
  -6.21134577354951e+00
  -6.22374902654792e+00
  -6.45254635951005e+00
  -6.39123812491016e+00
  -4.23982763947424e+00
  -6.38731394875231e+00
  -6.76987636652666e+00
  -4.23824383564897e+00
  -6.44298883104057e+00
  -6.32285979182416e+00
  -6.42638201408317e+00
  -6.04773437502718e+00
  -6.38202921287484e+00
  -4.35598338127238e+00
  -6.20097534924025e+00
  -6.44181588300489e+00
  -4.17414754223773e+00
  -4.23889634214174e+00
  -6.80924069178582e+00
  -6.36443925035746e+00
  -6.08673567088590e+00
  -6.22150542684722e+00
  -4.26847366956281e+00
  -6.22825819660102e+00
  -6.21821071221530e+00
  -5.47477421308758e+00
  -6.08745114510566e+00
  -4.24102375936855e+00
  -6.08259405889658e+00
  -6.24255499253195e+00
  -4.18348962300661e+00
  -4.23841415498646e+00
  -7.77373987588726e+00
  -7.44925734898879e+00
  -6.53629617348997e+00
  -3.48525027748201e+00
  -7.42869957805578e+00
  -7.43824351042167e+00
  -7.43733449549381e+00
  -3.69397484702677e+00
  -7.43859798781796e+00
  -7.42920894358940e+00
  -6.84348290120852e+00
  -3.48544842284355e+00
  -3.62069760521445e+00
  -3.69321778503718e+00
  -5.94918426264212e+00
  -3.48388149430320e+00
  -7.41339693959526e+00
  -3.48438474377144e+00
  -3.47722241051270e+00
  -7.39583152963951e+00
  -6.33320363807252e+00
  -6.32556242342798e+00
  -3.68989831400449e+00
  -4.02694401225654e+00
  -3.56933991610094e+00
  -4.03353874272761e+00
  -3.68832622164064e+00
  -6.31542695721419e+00
  -1.46543042947906e+00
  -3.49286556839343e+00
  -2.36667355464556e+00
  -1.03873406276898e+00
  -3.26599452180972e-01
  -2.08129938435195e+00
  -1.03228302298589e+00
  -1.01509795399829e+00
  -3.68562684001972e+00
  -1.42164662214304e+00
  -3.61368403838287e+00
  -3.48150273424380e+00
  -3.48303171932548e+00
  -3.48739431736340e+00
  -3.56883001803908e+00
  -6.32529801896362e+00
  -6.33058481657645e+00
  -1.47014029131424e+00
  -3.56835380857410e+00
  -3.56658974341644e+00
  -7.40470208250827e+00
  -7.40901897464937e+00
  -3.62512316781385e+00
  -5.94168039105807e+00
  -3.51879071714393e+00
  -6.85103235799033e+00
  -3.48605142834003e+00
  -3.49001142208544e+00
  -7.44397913722059e+00
  -7.44803206511006e+00
  -6.56048480062418e+00
  -6.10585576829817e+00
  -6.11427014606670e+00
  -6.10086432865501e+00
  -4.14265385166345e+00
  -4.17778186877786e+00
  -4.09348329483510e+00
  -5.56968663977023e+00
  -4.09408249129774e+00
  -6.12699156238796e+00
  -4.14168792063720e+00
  -6.82932938959857e+00
  -4.24049911637394e+00
  -4.24057489583993e+00
  -6.21159790791899e+00
  -4.24220039196098e+00
  -4.09454776251278e+00
  -4.25331262209511e+00
  -6.79535406436844e+00
  -6.79076749515116e+00
  -6.20341796923003e+00
  -6.33963949961071e+00
  -3.85331361400222e+00
  -4.17818222303958e+00
  -6.44403932433670e+00
  -7.54100301029302e+00
  -6.93093173299621e+00
  -6.22753376836954e+00
  -4.75884687202597e+00
  -6.93697520976912e+00
  -4.74445795780866e+00
  -4.74818271173899e+00
  -4.95189042431912e+00
  -4.23911853484151e+00
  -6.92177374393304e+00
  -6.19494953383673e+00
  -6.33804177646925e+00
  -6.37377527398530e+00
  -4.18595238591661e+00
  -6.80405098829760e+00
  -6.80772555083786e+00
  -6.21159791789796e+00
  -4.24260377728933e+00
  -6.11510822236323e+00
  -4.24114769570133e+00
  -4.33896900676154e+00
  -6.13775433081628e+00
  -6.22345796691297e+00
  -6.22591935624405e+00
  -5.93606460760748e+00
  -6.24178840704553e+00
  -6.10226869305825e+00
  -6.11158360726949e+00
  -4.20687742027440e+00
  -5.58724217020062e+00
  -4.09682662060186e+00
  -3.49156138571016e+00
  -3.48480964272676e+00
  -3.69355680967101e+00
  -3.62065587310917e+00
  -3.56579834430522e+00
  -7.44316154082026e+00
  -6.50336247178166e+00
  -7.43785825587020e+00
  -3.50779326460997e+00
  -7.41729811341793e+00
  -3.61825963470301e+00
  -6.33081279854468e+00
  -3.48922918175231e+00
  -7.40809002174592e+00
  -7.40023068621394e+00
  -6.32980212155508e+00
  -3.69039255348480e+00
  -6.33463742815820e+00
  -3.48904766138730e+00
  -6.31953490705382e+00
  -1.42607152122241e+00
  -3.68578678153381e+00
  -6.32350782579942e+00
  -4.92412758379487e+00
  -3.68668546248318e+00
  -3.29482844319500e-01
  -1.46354438070102e+00
  -2.18373870367554e+00
  -2.06661000366216e+00
  -1.95156085753888e+00
  -1.46594515838410e+00
  -3.50108917947318e+00
  -4.92151138989266e+00
  -3.68814231753686e+00
  -3.50187427312812e+00
  -1.46793129869161e+00
  -3.48133711615446e+00
  -3.50496338360654e+00
  -6.33106177955688e+00
  -7.40692256966213e+00
  -3.61655361277326e+00
  -3.48212951978621e+00
  -3.38960135522348e+00
  -7.41570514810428e+00
  -7.42210194855670e+00
  -7.42890368281314e+00
  -3.48375653456424e+00
  -3.51846936038146e+00
  -3.61901330578030e+00
  -5.94324782970762e+00
  -3.69384005608526e+00
  -3.48640105720733e+00
  -3.48170214015772e+00
  -6.85174903051302e+00
  -4.20872491886075e+00
  -6.06634865283468e+00
  -7.65752395116397e+00
  -6.22714234995692e+00
  -6.83898438491269e+00
  -6.13287378055702e+00
  -6.22251140076696e+00
  -6.09055905287460e+00
  -6.23213857320661e+00
  -6.82525592710590e+00
  -6.67743575589157e+00
  -6.19887655855564e+00
  -6.21101377123887e+00
  -6.82323837930562e+00
  -4.35816990499006e+00
  -6.80458117912167e+00
  -6.79598265141794e+00
  -3.85104720969548e+00
  -6.14907816817322e+00
  -6.15953748050197e+00
  -3.85176763891650e+00
  -6.91955911570494e+00
  -4.33854965629325e+00
  -6.20426021111143e+00
  -4.29262100560663e+00
  -6.15454099658109e+00
  -6.77134741806003e+00
  -6.31067056852589e+00
  -4.14853298235812e+00
  -6.07202233139287e+00
  -6.20965212248666e+00
  -4.27908890464823e+00
  -6.83005220555242e+00
  -6.67197517263503e+00
  -6.22893420940090e+00
  -4.09349724335152e+00
  -6.66642999812120e+00
  -6.84191224793722e+00
  -7.66864040834298e+00
  -7.66443362880818e+00
  -4.21361469014391e+00
  -7.44531516707139e+00
  -3.48522519086600e+00
  -3.48795105944464e+00
  -3.38692753523264e+00
  -6.59892594612029e+00
  -7.43610272545266e+00
  -7.43799433762069e+00
  -3.69272705719868e+00
  -7.39879863201804e+00
  -3.48187101299300e+00
  -6.34522440644378e+00
  -3.50542712842798e+00
  -3.68750231003423e+00
  -3.50998576647407e+00
  -7.41030064254574e+00
  -1.47250911381161e+00
  -3.38459150118024e+00
  -7.40909604928584e+00
  -7.40256856713768e+00
  -3.61555025656480e+00
  -7.41050432955853e+00
  -7.40884768287196e+00
  -6.33132113162173e+00
  -3.56422175155512e+00
  -4.92247054405289e+00
  -1.46804384450229e+00
  -3.48997287942348e+00
  -1.62631202710054e+00
  -2.29184135242053e+00
  -2.14159894419117e+00
  -4.91005703428800e+00
  -4.91194966389503e+00
  -2.41664952206224e+00
  -1.47004205520193e+00
  -7.39257799347160e+00
  -7.40376196495708e+00
  -3.56827305170100e+00
  -4.90387904432373e+00
  -7.06102628150165e+00
  -7.41560339306670e+00
  -7.06285389714685e+00
  -7.41397866454736e+00
  -3.50536874580530e+00
  -5.72879391825791e+00
  -7.43315737264402e+00
  -7.42234906924023e+00
  -6.34478272228171e+00
  -3.68934113951445e+00
  -3.38651531253799e+00
  -3.69322128207932e+00
  -6.59906454692828e+00
  -3.48488780975822e+00
  -3.38526755124167e+00
  -6.04584944320413e+00
  -6.85206348969950e+00
  -5.59933329294290e+00
  -6.05420462837992e+00
  -6.68307898041257e+00
  -6.83468578229258e+00
  -5.48351187582011e+00
  -6.10538344912129e+00
  -6.23860625512680e+00
  -6.13306592658137e+00
  -4.13879928408096e+00
  -5.47907310894516e+00
  -4.14191861701329e+00
  -6.18697912165408e+00
  -6.69385624827009e+00
  -4.35588562324665e+00
  -6.69653069758169e+00
  -6.71257683955082e+00
  -4.33035165793262e+00
  -6.84108862732410e+00
  -6.85580731974460e+00
  -6.22314390224437e+00
  -6.78444479162681e+00
  -3.86398399858990e+00
  -6.15396067831807e+00
  -6.14951988638586e+00
  -4.14458039175315e+00
  -3.90499743149849e+00
  -4.15164805966833e+00
  -3.84507815652705e+00
  -4.15166236375262e+00
  -6.22457735797616e+00
  -4.14439730565209e+00
  -4.14379065847788e+00
  -6.22549406582948e+00
  -5.93367265930283e+00
  -6.84714955509116e+00
  -6.67496149919680e+00
  -7.66012540886004e+00
  -4.24175096230192e+00
  -5.59850820039173e+00
  -6.85719890266228e+00
  -5.59604683466932e+00
  -4.13956799933476e+00
  -7.43704366451766e+00
  -3.68853827231533e+00
  -7.43178308473580e+00
  -7.40943478371082e+00
  -7.42267763945802e+00
  -3.38545140188990e+00
  -7.41799737628480e+00
  -3.51440138237649e+00
  -7.40781523501300e+00
  -3.51567356954001e+00
  -7.40082159998474e+00
  -7.39806801877421e+00
  -3.45617546384346e-01
  -4.91026206477181e+00
  -3.38120781230191e+00
  -4.92379465442082e+00
  -4.90769997974439e+00
  -4.91022238023379e+00
  -4.90848578518489e+00
  -1.93943091945584e+00
  -1.77909911900565e+00
  -3.50029062971316e+00
  -3.51214217018241e+00
  -7.06917200248881e+00
  -7.06548472896247e+00
  -3.51171418394142e+00
  -3.38096012433425e+00
  -3.50876660948461e+00
  -7.09014111322085e+00
  -3.38286754289993e+00
  -3.51007085281981e+00
  -3.51226035957325e+00
  -7.42704053044963e+00
  -7.45710680473712e+00
  -6.04715659482463e+00
  -5.46196553565824e+00
  -6.98005483372708e+00
  -7.46398119234527e+00
  -6.24271571007921e+00
  -4.13210824538965e+00
  -5.92500630999893e+00
  -4.13562555552926e+00
  -6.21876601493204e+00
  -5.41618200448465e+00
  -4.36119576732926e+00
  -3.88523201767384e+00
  -6.28322367272267e+00
  -4.33186741375175e+00
  -6.71309192098852e+00
  -3.89187772947480e+00
  -6.20421363102469e+00
  -4.14285177360034e+00
  -6.84703039506439e+00
  -4.32243874004962e+00
  -3.85112773904802e+00
  -4.31308383569012e+00
  -4.32975831576005e+00
  -3.87523739296739e+00
  -6.70098884550043e+00
  -6.21711586969104e+00
  -6.72763790989575e+00
  -3.87569630016696e+00
  -4.13948920062739e+00
  -4.21508008818910e+00
  -6.26963152914595e+00
  -6.85606890172312e+00
  -3.80028535300244e+00
  -4.14168609187345e+00
  -6.66577484600748e+00
  -7.43652000859765e+00
  -3.51423283542908e+00
  -3.50889982004628e+00
  -7.42649552389321e+00
  -3.51468730495617e+00
  -7.42840970106590e+00
  -7.41022352042728e+00
  -3.50410852654386e+00
  -5.72860996345662e+00
  -3.37945925594204e+00
  -3.51872307826216e+00
  -7.42668197203511e+00
  -3.50620650345354e+00
  -7.07919714689342e+00
  -7.42045674064502e+00
  -1.47296700593074e+00
  -7.08045139594833e+00
  -7.07094447247528e+00
  -3.38157790930291e+00
  -3.38043071920947e+00
  -4.91067663469403e+00
  -1.40221004644195e+00
  -1.42631982376884e+00
  -7.06030343493057e+00
  -4.92060571762613e+00
  -4.91455062249224e+00
  -4.92401376762427e+00
  -4.91403104097844e+00
  -4.91942010464572e+00
  -4.91187837085818e+00
  -4.91045112922529e+00
  -3.38260977952359e+00
  -3.50795067109766e+00
  -3.37730739927702e+00
  -7.07523669279544e+00
  -7.06643629692826e+00
  -3.50158008585913e+00
  -7.08787731177472e+00
  -3.37998801062440e+00
  -3.38385056166453e+00
  -3.51950093554979e+00
  -3.50765951055291e+00
  -3.51730334583726e+00
  -7.42806493850185e+00
  -7.43998237856067e+00
  -3.37989813147851e+00
  -1.05943858422256e+00
  -7.06366718302979e+00
  -6.60321376195861e+00
  -3.38040047402592e+00
  -7.42497652836846e+00
  -5.52097878663517e+00
  -7.42216469320283e+00
  -3.51115635937958e+00
  -3.51957551494161e+00
  -4.13145237446497e+00
  -5.93640771268838e+00
  -4.14446743654844e+00
  -6.27330458556207e+00
  -5.92275185221752e+00
  -4.41300899602356e+00
  -5.92231391978748e+00
  -6.20093391829687e+00
  -4.13580327199543e+00
  -6.29680294159061e+00
  -6.19407413218869e+00
  -4.34080954675665e+00
  -4.13991991468447e+00
  -6.31803058118930e+00
  -3.88143863981895e+00
  -6.35380265943240e+00
  -6.07587180626251e+00
  -6.36077303770617e+00
  -7.20246826689527e+00
  -6.34102534429258e+00
  -3.80744717437574e+00
  -6.28760915486782e+00
  -6.69667471398770e+00
  -6.71355552851037e+00
  -4.37502884403693e+00
  -4.14190759065696e+00
  -6.19470607442236e+00
  -5.92711815404800e+00
  -5.93121710659943e+00
  -5.92179780613696e+00
  -3.92920223956207e+00
  -6.27688768595726e+00
  -5.93069340780858e+00
  -4.13888706980106e+00
  -7.48987352872791e+00
  -5.93129923967990e+00
  -3.51601915978927e+00
  -3.38644499065367e+00
  -5.51667074767738e+00
  -3.51455276581100e+00
  -7.44252777256406e+00
  -6.60028772625355e+00
  -3.50270081749750e+00
  -3.52080899865450e+00
  -6.60998552006822e+00
  -7.09276902434249e+00
  -7.09064831079377e+00
  -3.51256103102878e+00
  -7.07743715091510e+00
  -7.09348686323119e+00
  -7.08630266217369e+00
  -2.47536813934016e+00
  -2.32625631430210e+00
  -2.01391390004164e+00
  -3.37507342293202e+00
  -2.21885477555816e+00
  -1.46994449274189e+00
  -7.05717953648491e+00
  -4.92333978900933e+00
  -7.05521202088585e+00
  -4.91455440905611e+00
  -7.05873434232035e+00
  -7.07063349696728e+00
  -7.06555405920517e+00
  -6.05621171071334e-01
  -7.06768262554942e+00
  -1.96592224946085e+00
  -3.38523586393376e+00
  -7.11379001614660e+00
  -7.43317268857390e+00
  -7.11593988777440e+00
  -3.51786469379294e+00
  -7.11686555013512e+00
  -7.11385323370814e+00
  -7.45795215940871e+00
  -3.39021339613782e+00
  -7.06646552822531e+00
  -5.93732006972641e+00
  -4.13177971555706e+00
  -4.13888095347556e+00
  -6.28578331254812e+00
  -6.69358812231712e+00
  -7.57764231179681e+00
  -6.30028125608442e+00
  -6.29761568435879e+00
  -6.68630263832620e+00
  -6.28327146516131e+00
  -6.47035521411271e+00
  -6.85816095446262e+00
  -3.79390277935727e+00
  -6.37420422702598e+00
  -6.84905201824677e+00
  -3.79426152966062e+00
  -6.09190750681773e+00
  -3.79759301187642e+00
  -6.29502687834156e+00
  -6.30164751648772e+00
  -4.13185612947473e+00
  -7.32459700985964e+00
  -7.77121944472492e+00
  -6.29814432473268e+00
  -5.92971592600225e+00
  -4.13888095347556e+00
  -5.93759610598499e+00
  -7.77644362494539e+00
  -5.52724117117214e+00
  -3.51883816609325e+00
  -7.05646918500042e+00
  -3.51308214556411e+00
  -6.60400463152473e+00
  -3.51029633390408e+00
  -7.09929969451514e+00
  -1.85439194865194e+00
  -7.07691885880377e+00
  -7.06819769244157e+00
  -7.06786350887796e+00
  -4.92219799094801e+00
  -4.91858129368029e+00
  -4.92726620637859e+00
  -4.91857074591280e+00
  -4.91302217987322e+00
  -7.06490630462213e+00
  -7.09036621334690e+00
  -7.09828002689301e+00
  -7.11306536250049e+00
  -7.43610363670905e+00
  -7.44587137612507e+00
  -6.61641091559250e+00
  -7.73254258929683e+00
  -7.72159879039464e+00
  -6.23319100952176e+00
  -6.68058320500313e+00
  -7.59774025916158e+00
  -6.44979078697816e+00
  -6.06452538986014e+00
  -6.20955244572542e+00
  -6.69706246767873e+00
  -7.58207712322655e+00
  -7.58889151974836e+00
  -6.20572850618009e+00
  -6.28721981847229e+00
  -6.47629004314877e+00
  -6.69132382807584e+00
  -7.19845380913466e+00
  -6.34230813627255e+00
  -6.85042429626174e+00
  -6.09013211427555e+00
  -6.11119115691417e+00
  -6.47619507129639e+00
  -6.34414120912152e+00
  -6.45826778738774e+00
  -7.35071126798175e+00
  -7.35069785580708e+00
  -7.73023454842769e+00
  -6.21518753803321e+00
  -6.67890387719581e+00
  -6.61056581281082e+00
  -3.38349642576941e+00
  -5.14313849704422e+00
  -7.07948714896520e+00
  -7.05490286612621e+00
  -4.91123184366734e+00
  -7.06147696662538e+00
  -4.92164356781814e+00
  -4.92735899020772e+00
  -4.91975045286108e+00
  -4.91966298276020e+00
  -7.06610696362986e+00
  -7.07186590227138e+00
  -7.44838901870207e+00
  -7.44808412235670e+00
  -7.16140596461264e+00
  -7.06989069253450e+00
  -7.77667044143800e+00
  -6.15655431428240e+00
  -6.29409567915081e+00
  -6.27766823937236e+00
  -7.18797679826821e+00
  -6.69513621153510e+00
  -6.07000517158485e+00
  -6.47671042335787e+00
  -6.48015079070592e+00
  -6.41197679094330e+00
  -6.11341009837179e+00
  -6.44125744898156e+00
  -3.78466936783752e+00
  -6.47103751614122e+00
  -6.47859195823276e+00
  -6.47075458844029e+00
  -7.81252349871102e+00
  -6.28790595858209e+00
  -7.71439785920757e+00
  -7.13358722174689e+00
  -7.21054983722297e+00
  -7.72956164267907e+00
  -7.72186227603925e+00
  -7.73442437807353e+00
  -7.44764333027888e+00
  -4.34173902436623e+00
  -7.06132622269615e+00
  -7.11464970397719e+00
  -7.43915784886758e+00
  -7.07163659507296e+00
  -7.07219407406137e+00
  -7.08291664341778e+00
  -7.05840056791021e+00
  -7.06007259488433e+00
  -7.04370563382236e+00
  -4.92393650735812e+00
  -4.92505043019264e+00
  -4.92338508678858e+00
  -4.92666699821530e+00
  -7.04550920976999e+00
  -7.05934661046558e+00
  -7.44340799185011e+00
  -7.44115420188336e+00
  -7.07025589886689e+00
  -7.45083424056429e+00
  -7.72022807231406e+00
  -7.74792280634028e+00
  -6.68248301677522e+00
  -7.83933112483101e+00
  -7.80095112965046e+00
  -6.22141515068870e+00
  -7.77752509495895e+00
  -7.19524232238746e+00
  -6.28618647641815e+00
  -6.48620376885901e+00
  -6.70684518626149e+00
  -6.70778800214157e+00
  -6.49818434326971e+00
  -6.12210038977628e+00
  -6.85985288418397e+00
  -6.50425632563019e+00
  -7.75284953634309e+00
  -6.51341455565034e+00
  -6.50665753998237e+00
  -6.50370843244127e+00
  -6.49491231765205e+00
  -7.77783567530332e+00
  -5.87406896347784e+00
  -7.76278701753199e+00
  -7.82063941835713e+00
  -7.40081462170019e+00
  -6.27906805136809e+00
  -7.75861940095183e+00
  -6.15562070484521e+00
  -6.15123320138810e+00
  -6.27393773680251e+00
  -7.14229997051189e+00
  -7.14920600889218e+00
  -7.07091014743037e+00
  -7.11536713795613e+00
  -7.07874856960825e+00
  -7.06160723674111e+00
  -4.92548881909806e+00
  -7.04959830118878e+00
  -4.92104709587693e+00
  -1.46780798807595e+00
  -7.04863773871784e+00
  -7.05674172568706e+00
  -7.06903831274121e+00
  -7.06994176110766e+00
  -7.06450607871466e+00
  -7.09922549678686e+00
  -1.91690201325196e+00
  -4.35243346552261e+00
  -7.07100605910273e+00
  -7.71465042804448e+00
  -7.07448537587879e+00
  -7.76983634264070e+00
  -7.71911751294829e+00
  -6.68258176186009e+00
  -7.81314656755694e+00
  -6.69126919106657e+00
  -6.11179686308787e+00
  -7.75784445413046e+00
  -7.79663434306258e+00
  -6.10145042729437e+00
  -6.12361432525176e+00
  -7.81014952308669e+00
  -7.76224497158728e+00
  -7.73442699942279e+00
  -6.13079807356189e+00
  -7.75437654096186e+00
  -6.50037878382318e+00
  -7.18803454712724e+00
  -7.19773879185686e+00
  -7.18666459305950e+00
  -7.80514382605543e+00
  -7.83744948456297e+00
  -7.45448179201867e+00
  -7.14534974993876e+00
  -7.44451708705037e+00
  -7.06640172283096e+00
  -7.06607102942598e+00
  -7.12769103285245e+00
  -7.45156166601191e+00
  -7.44319283904497e+00
  -4.34910476242567e+00
  -7.07294396176712e+00
  -7.06614880463076e+00
  -7.04892057081906e+00
  -7.05904660273154e+00
  -1.62620684957983e+00
  -7.05168574641084e+00
  -7.04901191737008e+00
  -4.92952109679391e+00
  -1.46584636705143e+00
  -7.04542619390668e+00
  -7.04661280008349e+00
  -4.34049330500557e+00
  -4.34827290254816e+00
  -7.45451673950083e+00
  -7.08959521320321e+00
  -7.06612100714210e+00
  -7.07674631629834e+00
  -7.45344192973880e+00
  -7.45381948518752e+00
  -7.44610679536981e+00
  -7.45555030446394e+00
  -7.12884225654852e+00
  -7.12593553774241e+00
  -7.21425261296645e+00
  -6.69893704570495e+00
  -7.18644029636653e+00
  -7.84557466231763e+00
  -7.71799381668006e+00
  -7.18003411173595e+00
  -7.83250698903794e+00
  -7.81935856252221e+00
  -6.50405418626724e+00
  -6.51465727935920e+00
  -6.51820702142777e+00
  -7.84352344693616e+00
  -6.14387017496301e+00
  -7.83707011815841e+00
  -7.78834033859312e+00
  -7.81888867738326e+00
  -7.82047891013099e+00
  -7.75896467334405e+00
  -4.49227839270770e+00
  -7.28034489189849e+00
  -4.49917603353879e+00
  -7.12052967253385e+00
  -7.24496214435476e+00
  -7.70086469149464e+00
  -7.11357601189866e+00
  -7.17055520950089e+00
  -7.13960819326894e+00
  -7.45360939129841e+00
  -7.45416054271664e+00
  -7.05970895206610e+00
  -1.46578844161172e+00
  -1.46514810549161e+00
  -1.46546175584535e+00
  -1.42207100268001e+00
  -4.33974468756833e+00
  -4.75928841050199e+00
  -1.93643063486661e+00
  -7.45610719570050e+00
  -7.45545433247207e+00
  -7.44661507960336e+00
  -4.34343502610864e+00
  -7.45606869370113e+00
  -7.07453424316827e+00
  -7.07417498934774e+00
  -7.45462200443035e+00
  -7.19212062765200e+00
  -7.25136726156688e+00
  -7.16935202864897e+00
  -4.49868527010312e+00
  -4.49126994767357e+00
  -7.30043065489645e+00
  -7.79554904100951e+00
  -7.78030006183053e+00
  -7.75015575485486e+00
  -7.76187368536284e+00
  -7.81614482381701e+00
  -7.80696739272844e+00
  -7.79163534518466e+00
  -7.73094468392992e+00
  -6.68763131767901e+00
  -7.79794365379348e+00
  -7.75327249749898e+00
  -6.69041069332434e+00
  -7.76122202376155e+00
  -7.71321877423725e+00
  -7.21002600450629e+00
  -7.22153390984658e+00
  -7.29268490554568e+00
  -7.25275849174341e+00
  -7.45923771073922e+00
  -7.12483699160293e+00
  -7.06617628913318e+00
  -7.45518432868721e+00
  -4.33483492562527e+00
  -7.07045643572474e+00
  -7.07235172843957e+00
  -7.07951127242177e+00
  -3.43833174808196e-01
  -7.06543241969212e+00
  -1.98331116926806e+00
  -1.46651348835803e+00
  -1.46520328848601e+00
  -7.23638754738835e+00
  -3.02667807980697e-01
  -1.42021951678043e+00
  -3.27896659382077e-01
  -7.07186924373036e+00
  -7.06926152426604e+00
  -7.45679716986524e+00
  -7.45569880976200e+00
  -7.45682406087963e+00
  -7.07575030253611e+00
  -7.16854729120496e+00
  -4.49751092619408e+00
  -7.24158920565515e+00
  -7.20617127973674e+00
  -7.76826579580666e+00
  -7.82517420952718e+00
  -7.29784125118113e+00
  -7.20244742869909e+00
  -7.81413987741598e+00
  -4.68660770655970e+00
  -7.77854805414609e+00
  -7.75701559402478e+00
  -7.80840974622970e+00
  -7.76990392785501e+00
  -7.76314771528541e+00
  -7.81282449703576e+00
  -4.50282505302312e+00
  -7.16918503093348e+00
  -7.71329871975195e+00
  -7.45083502994567e+00
  -7.15211053004987e+00
  -7.19428560610504e+00
  -4.34011058421720e+00
  -7.45737869322602e+00
  -4.34685266068163e+00
  -7.07180514032370e+00
  -7.08251238142475e+00
  -7.03758429005848e+00
  -3.05639319943111e-01
  -4.93053117761065e+00
  -7.04424561493943e+00
  -1.94538549655272e+00
  -2.01157876780576e+00
  -7.05572990483506e+00
  -7.08089512011702e+00
  -7.45916673079319e+00
  -4.76503007105566e+00
  -4.33202401026483e+00
  -4.34099203366941e+00
  -4.77298167346862e+00
  -7.45637313695079e+00
  -7.07096170735895e+00
  -7.45570826552557e+00
  -7.45930361530645e+00
  -7.45178095361007e+00
  -7.11053740289935e+00
  -7.17952967879683e+00
  -7.16751014047986e+00
  -7.16473792912711e+00
  -4.97509859664024e+00
  -7.14019858160009e+00
  -7.81341614483790e+00
  -7.24861724747825e+00
  -4.68631777059454e+00
  -7.76290260000223e+00
  -7.75214906168276e+00
  -7.75038222869625e+00
  -7.77439170570233e+00
  -7.78242872668943e+00
  -7.74140298131533e+00
  -7.82099838947033e+00
  -7.72705500468783e+00
  -7.18471046607010e+00
  -7.12802191838273e+00
  -7.20696496003711e+00
  -7.17527771370987e+00
  -4.95872750053240e+00
  -7.07945944901257e+00
  -7.07886815113216e+00
  -7.45800283596145e+00
  -7.07876611619577e+00
  -4.34550951093934e+00
  -7.45844300419958e+00
  -7.45803668551616e+00
  -7.07860601408811e+00
  -7.45782037762638e+00
  -7.45916673079319e+00
  -7.06023062900476e+00
  -2.09763776873569e+00
  -7.05705608774042e+00
  -7.05125948549085e+00
  -4.76566485926332e+00
  -1.46435332339797e+00
  -1.46368176749229e+00
  -7.23488330130863e+00
  -4.95241812479026e+00
  -2.20538060514377e+00
  -7.03805979878143e+00
  -7.03715651672792e+00
  -7.08164584640963e+00
  -7.08084946879444e+00
  -7.08234068349248e+00
  -7.45996634605126e+00
  -7.46094928978800e+00
  -4.77026756464420e+00
  -7.08135352477802e+00
  -7.07071413766425e+00
  -7.45284336456189e+00
  -7.16783973968268e+00
  -7.17672205932467e+00
  -7.14869686223483e+00
  -7.13976200217894e+00
  -7.15912523648967e+00
  -7.20342289275413e+00
  -7.16146861793368e+00
  -4.51480044218715e+00
  -4.49102974650395e+00
  -7.70790799500446e+00
  -7.73215830720710e+00
  -7.76161536836662e+00
  -7.76996410135234e+00
  -7.81347850966904e+00
  -7.25716306797221e+00
  -7.78130695650270e+00
  -7.25749027070469e+00
  -7.13072173617093e+00
  -7.19466826827284e+00
  -7.21668302408489e+00
  -7.16770627480491e+00
  -7.28570533825223e+00
  -7.14519304185342e+00
  -4.96007429479778e+00
  -7.11565696402977e+00
  -7.44947079286794e+00
  -7.45139363908311e+00
  -4.34797855062152e+00
  -7.45996041207945e+00
  -4.33323387731161e+00
  -7.45270407439057e+00
  -4.33754899323776e+00
  -7.06069083636794e+00
  -4.32800104504804e+00
  -7.04143591976663e+00
  -2.15242587400280e+00
  -7.23672183696294e+00
  -7.52922136379618e+00
  -7.53160860610001e+00
  -7.53050627964353e+00
  -3.22662012092678e-01
  -2.18414931555753e+00
  -2.13188949558366e+00
  -3.32650498685553e-01
  -2.16530466165887e+00
  -7.46157115290953e+00
  -7.07339763697928e+00
  -7.45251634929446e+00
  -4.33222717415083e+00
  -7.46054010300759e+00
  -4.33389769977384e+00
  -4.33490676661768e+00
  -4.34591450092785e+00
  -4.97718763821831e+00
  -7.12187119050486e+00
  -7.12158746837304e+00
  -7.16361850892190e+00
  -7.15531051776998e+00
  -7.27545395841116e+00
  -7.20138682074321e+00
  -7.15264726708392e+00
  -7.13549931871057e+00
  -7.26700219795021e+00
  -7.16214989107812e+00
  -7.21029545271085e+00
  -4.69057775922192e+00
  -7.25640825495793e+00
  -7.72341998334196e+00
  -4.49887639152621e+00
  -4.49850737430188e+00
  -7.73454540603962e+00
  -7.78374939534569e+00
  -7.76851537656057e+00
  -7.15650097740036e+00
  -7.12340649958696e+00
  -7.23479673452493e+00
  -7.18352128733204e+00
  -7.11041408047458e+00
  -7.45335072771195e+00
  -7.07395592100693e+00
  -7.46093533579278e+00
  -7.46058359268045e+00
  -3.43658266840976e-01
  -2.09726094238158e+00
  -7.46446540193028e+00
  -7.47821145165142e+00
  -7.53233647321332e+00
  -7.53125652167711e+00
  -2.10782113052892e+00
  -7.45659422159315e+00
  -2.22826113177211e+00
  -3.33239402604477e-01
  -7.45287361599912e+00
  -4.34517950412328e+00
  -7.46003941467279e+00
  -7.46029553659264e+00
  -4.77167210171729e+00
  -7.18295870762631e+00
  -7.12295106036163e+00
  -7.13380094020795e+00
  -7.20815582137402e+00
  -7.16287575999104e+00
  -7.72079130911516e+00
  -7.27740338394869e+00
  -7.23210208801811e+00
  -7.18190074697850e+00
  -7.14844100892333e+00
  -7.24810908277050e+00
  -7.19813767861251e+00
  -7.46336100656299e+00
  -4.76551109164620e+00
  -4.33049839820842e+00
  -7.08439316023851e+00
  -4.33696058638225e+00
  -4.33290457083922e+00
  -7.46625662268616e+00
  -7.53203583977393e+00
  -2.18676916771415e+00
  -7.08432401719892e+00
  -7.08488290114747e+00
  -7.20996664110135e+00
  -7.15093985250587e+00
  -7.19314679159561e+00
  -7.15131159468547e+00
  -7.21340926277117e+00
  -7.17644336332887e+00
  -7.15856261164117e+00
  -7.27148192646837e+00
  -7.13482956449025e+00
  -7.23717469229814e+00
  -7.14066907222423e+00
  -4.96432323493445e+00
  -7.19702854133629e+00
  -7.46497051497772e+00
  -7.45422658711959e+00
  -7.45576500222887e+00
  -7.46692632585564e+00
  -4.76462542148965e+00
  -2.19148116941096e+00
  -6.62057282819553e+00
  -6.61466745769015e+00
  -7.52956349192652e+00
  -2.10448847503244e+00
  -4.75194925888627e+00
  -4.33334848206414e+00
  -4.32730589935636e+00
  -4.33691922541584e+00
  -4.34354194586604e+00
  -4.34507745439169e+00
  -7.46443713392455e+00
  -7.46416498207509e+00
  -7.21298777164338e+00
  -7.22283820262601e+00
  -7.29269544926410e+00
  -7.21455281270300e+00
  -7.29408349975074e+00
  -7.14457584351385e+00
  -7.21303702084697e+00
  -7.13488644378231e+00
  -7.19474015264495e+00
  -7.25324668370740e+00
  -7.22235632293177e+00
  -7.13661414674152e+00
  -7.11771291861351e+00
  -7.12903114067194e+00
  -7.46477817904997e+00
  -4.33181887854880e+00
  -4.34510833885361e+00
  -7.08532181403825e+00
  -7.46464196280613e+00
  -4.33766581938426e+00
  -4.76804357150286e+00
  -4.34153961917309e+00
  -4.32814396168760e+00
  -7.04535490480430e+00
  -4.76491964399884e+00
  -4.75831562629082e+00
  -4.76399782644876e+00
  -4.75755531838013e+00
  -6.61628395322349e+00
  -2.34339772099634e+00
  -7.04414961087787e+00
  -4.75370017508203e+00
  -4.33681981641712e+00
  -4.76227269489073e+00
  -7.45538707698779e+00
  -4.76276719021507e+00
  -4.34726550157438e+00
  -4.34893249915058e+00
  -4.97174717103917e+00
  -7.11019860169654e+00
  -4.33566643655922e+00
  -7.46882104619726e+00
  -7.15211217509750e+00
  -7.29911978578821e+00
  -7.12034988464075e+00
  -7.13779268234703e+00
  -7.30611180120104e+00
  -7.28464388409338e+00
  -7.12908619091741e+00
  -7.21211138241415e+00
  -7.20654533508605e+00
  -7.20582404731886e+00
  -7.20673233472826e+00
  -7.13430309247542e+00
  -7.46844482732286e+00
  -7.18775991379880e+00
  -4.34299167554900e+00
  -4.75775293327933e+00
  -7.46635841143961e+00
  -4.33068210833289e+00
  -7.45421322732182e+00
  -4.33656217941007e+00
  -7.46446554963495e+00
  -4.34018219506879e+00
  -2.30295138610654e+00
  -4.76523438975028e+00
  -7.04425204123527e+00
  -7.04643654760457e+00
  -4.76597824261262e+00
  -4.76013889506385e+00
  -7.30615124713768e+00
  -7.46801615856748e+00
  -7.30366341888475e+00
  -7.28926371183843e+00
  -7.28811291093007e+00
  -7.29921127166108e+00
  -7.29838076429405e+00
  -7.30948719206299e+00
  -7.28636455991091e+00
  -7.29134060543220e+00
  -7.29325738814077e+00
  -5.15287520994389e+00
  -7.29616802837791e+00
  -7.29059535443594e+00
  -7.11794073467627e+00
  -7.30263507700056e+00
  -7.12114699174163e+00
  -7.46623086581258e+00
  -4.75576387479714e+00
  -7.46458083165817e+00
  -7.45787830721929e+00
  -4.34399349660680e+00
  -7.46466606806189e+00
  -7.46612236476722e+00
  -4.34194807309632e+00
  -4.33307023642828e+00
  -2.10589909605096e+00
  -6.61767437460382e+00
  -6.61961233974201e+00
  -4.28435327125362e+00
  -2.42171079809714e+00
  -4.53099374624207e+00
  -4.33507521633646e+00
  -7.46727839069172e+00
  -4.33089445642145e+00
  -7.29910443239532e+00
  -7.28962888090518e+00
  -7.29307262823659e+00
  -7.30263046968412e+00
  -7.29894188486651e+00
  -5.15077505952149e+00
  -7.29813325448231e+00
  -5.15963084347322e+00
  -7.28512316889919e+00
  -7.30672574725122e+00
  -7.30058250248294e+00
  -7.28914472386623e+00
  -7.30302357567871e+00
  -7.28961469461228e+00
  -7.16340008762745e+00
  -4.34441016716073e+00
  -2.47801623122723e+00
  -4.75927186513172e+00
  -4.75123938596153e+00
  -6.61474717169783e+00
  -2.10516097714185e+00
  -4.15599322425169e+00
  -2.10958116015627e+00
  -5.74625180428256e+00
  -4.75249278405863e+00
  -2.48654411983171e+00
  -4.32624956228074e+00
  -7.30591534396990e+00
  -7.30413438823052e+00
  -7.30253143520076e+00
  -7.29042492009921e+00
  -7.29857401840491e+00
  -7.29485744171143e+00
  -7.30645800794355e+00
  -7.29896752744753e+00
  -7.28939458040895e+00
  -5.14838721411752e+00
  -7.29143966420907e+00
  -7.30635219574015e+00
  -7.29256550552782e+00
  -7.29694213820585e+00
  -4.33699332677406e+00
  -4.33695037445341e+00
  -4.34167894971779e+00
  -4.33636628666181e+00
  -2.10759765201237e+00
  -6.61260404099883e+00
  -2.10614183897565e+00
  -6.61676615763075e+00
  -4.13739800970097e+00
  -3.64572700214285e+00
  -5.90338128409257e+00
  -7.04421675827962e+00
  -7.04515519772031e+00
  -2.78247088556191e+00
  -3.31344894088988e+00
  -7.04744748020948e+00
  -6.51046531552174e+00
  -4.06055740177408e+00
  -7.04217760989377e+00
  -7.30895340967345e+00
  -7.30245552178167e+00
  -7.30530567841743e+00
  -4.75003536601434e+00
  -5.16211458054204e+00
  -5.14932450487686e+00
  -7.30131511678246e+00
  -5.16736693639041e+00
  -7.28583709535360e+00
  -5.15243948501393e+00
  -7.29245554532281e+00
  -7.29424070332061e+00
  -4.75003593161318e+00
  -5.70118603734818e+00
  -7.04300048479035e+00
  -7.05248528269931e+00
  -7.04175365115316e+00
  -7.05026707785237e+00
  -4.33606360463455e+00
  -3.22052915752738e+00
  -7.04706223992525e+00
  -6.70316782675582e+00
  -5.85563454902922e+00
  -6.28821107253680e+00
  -6.21823388280609e+00
  -5.00271746891212e+00
  -3.89148395598158e+00
  -2.10571176231247e+00
  -2.10656254501669e+00
  -6.61695433496043e+00
  -2.10767126961355e+00
  -6.00900389906792e+00
  -6.33615477107696e+00
  -6.46666197781360e+00
  -3.76994860717514e+00
  -3.76146918615768e+00
  -7.04392126358380e+00
  -4.32461159965578e+00
  -4.59865965269182e+00
  -5.08756512952596e+00
  -7.04762672082961e+00
  -4.66535250910601e+00
  -5.39606037197382e+00
  -5.60056398035113e+00
  -4.75384140091455e+00
  -7.29439036538224e+00
  -7.31209086727631e+00
  -7.31167926204307e+00
  -7.30491356475886e+00
  -7.31148417629902e+00
  -7.31048561229454e+00
  -5.17421144962645e+00
  -7.29368356973191e+00
  -4.76065945682194e+00
  -7.30572872172979e+00
  -7.04400646349313e+00
  -7.05019882680335e+00
  -7.08504798056993e+00
  -6.65401371041435e+00
  -6.46666155560933e+00
  -4.34338890422032e+00
  -2.10762919837612e+00
  -2.10627150387791e+00
  -2.10615031813222e+00
  -6.61484126036268e+00
  -6.57803997604969e+00
  -3.44335372260593e+00
  -5.26538084981894e+00
  -4.00253221828052e+00
  -4.39675864664332e+00
  -6.31170989220800e+00
  -3.97383099278022e+00
  -7.04440805974991e+00
  -3.99197421337431e+00
  -4.41725570277140e+00
  -3.46822031021111e+00
  -7.04637509465101e+00
  -7.03693847815794e+00
  -8.51681051575360e+00
  -7.30711861408872e+00
  -7.29680825174000e+00
  -7.30028776848849e+00
  -7.31275673334221e+00
  -7.29561316557283e+00
  -7.30535489204703e+00
  -7.30392624478827e+00
  -7.29226083709818e+00
  -7.30043431746708e+00
  -7.29749188471669e+00
  -5.16596805230802e+00
  -7.31307606334667e+00
  -7.30447006190843e+00
  -7.29789981626072e+00
  -7.30621407977560e+00
  -9.21869214938715e+00
  -7.30650115865410e+00
  -7.30897238202215e+00
  -7.29625622021194e+00
  -7.04582729429421e+00
  -3.46822009915513e+00
  -4.15307140459572e+00
  -3.75799247367422e+00
  -4.01646107822489e+00
  -2.10585125741704e+00
  -2.10675189606309e+00
  -2.10708437170092e+00
  -2.11006488317139e+00
  -6.39401616255600e+00
  -3.72627020658592e+00
  -3.79046744047810e+00
  -7.03388446224835e+00
  -7.04908646008244e+00
  -7.04794816337289e+00
  -7.29795532762182e+00
  -7.30727725263114e+00
  -7.30879675778397e+00
  -7.30643735608282e+00
  -1.00475167923969e+01
  -7.30551499231387e+00
  -7.29326213125569e+00
  -7.30443765811924e+00
  -5.17110549749032e+00
  -5.17040012320467e+00
  -7.30547751281119e+00
  -7.30629759453132e+00
  -4.77335037383136e+00
  -9.95312621254971e+00
  -7.47548700283551e+00
  -5.18199664082658e+00
  -4.37702558176625e+00
  -3.97996703251465e+00
  -4.11988373765462e+00
  -6.87574104576879e+00
  -2.10656028097560e+00
  -2.10541395265250e+00
  -2.10602483180128e+00
  -2.10693519226288e+00
  -2.10650382106473e+00
  -2.10911931069199e+00
  -6.56509948689745e+00
  -4.61297982372798e+00
  -5.09204268350550e+00
  -5.36230430948353e+00
  -4.90528249662884e+00
  -7.29753684905700e+00
  -4.77751879730067e+00
  -4.76998808422832e+00
  -7.30484774501019e+00
  -5.17956655730268e+00
  -7.30320000965457e+00
  -5.16358878654819e+00
  -5.17156080885798e+00
  -7.29548751617403e+00
  -7.30773272691840e+00
  -7.30816101592154e+00
  -7.04887810469791e+00
  -7.03855430974090e+00
  -7.28477972300061e+00
  -7.03616426542339e+00
  -4.82610847321166e+00
  -6.57460576855010e+00
  -2.10764949255827e+00
  -2.10586590782214e+00
  -2.10807421112190e+00
  -2.10940318970552e+00
  -2.11245629566906e+00
  -5.37036147356321e+00
  -7.04442251318324e+00
  -9.27056973495974e+00
  -9.38102550023859e+00
  -6.01885725875172e+00
  -5.84067110302340e+00
  -6.05976663908086e+00
  -7.29645733572579e+00
  -5.16946741774018e+00
  -7.30486631967597e+00
  -4.76726855221432e+00
  -5.17714460415755e+00
  -5.17072076954582e+00
  -5.18868175378338e+00
  -5.16129985129646e+00
  -7.30720159078737e+00
  -1.01819447512489e+01
  -7.30161211025734e+00
  -7.29718200624575e+00
  -7.29907443590582e+00
  -9.74473819066679e+00
  -9.85140956230589e+00
  -7.04657900430357e+00
  -5.99841323774899e+00
  -4.93235430123286e+00
  -5.38700309823116e+00
  -2.11196453605066e+00
  -2.11044920633026e+00
  -2.11114728890789e+00
  -2.11096998318953e+00
  -2.10827806020416e+00
  -2.10873219819609e+00
  -2.11007736402939e+00
  -2.11125575462006e+00
  -5.22137663920239e+00
  -2.10986529651427e+00
  -5.20122183531794e+00
  -5.49066466118938e+00
  -7.79486336367700e+00
  -5.42874623476837e+00
  -5.64264881029476e+00
  -8.48119959137784e+00
  -9.34772649423985e+00
  -7.31037193368320e+00
  -7.59467890347014e+00
  -7.29725931558278e+00
  -7.31144668920933e+00
  -7.30563597254877e+00
  -4.78429441603112e+00
  -4.77000836968227e+00
  -7.29562771111887e+00
  -7.30668388125650e+00
  -7.31027709403043e+00
  -9.81412526647591e+00
  -8.90693088425814e+00
  -7.33097023501159e+00
  -7.52955923749823e+00
  -5.17539919641331e+00
  -2.11291771704168e+00
  -2.10971914565062e+00
  -2.10888101276328e+00
  -2.11731938764956e+00
  -2.11680475293792e+00
  -5.62472352335953e+00
  -5.87554566217159e+00
  -9.34213086259979e+00
  -7.30007035265407e+00
  -7.31221282369188e+00
  -7.30777357583247e+00
  -7.30563325331514e+00
  -6.72537342696478e+00
  -6.88622146949911e+00
  -7.29599885620792e+00
  -6.25392405354978e+00
  -7.31221282369188e+00
  -7.47503325674279e+00
  -7.85119740165010e+00
  -7.56871820749529e+00
  -8.77784180269782e+00
  -5.62661683400620e+00
  -2.10877869354590e+00
  -2.11236220175692e+00
  -2.11681987932388e+00
  -5.66243408631135e+00
  -6.08763198786164e+00
  -7.03555515988864e+00
  -9.32368145713508e+00
  -7.04447014342077e+00
  -7.30129314761962e+00
  -7.31202691063936e+00
  -7.79703783996774e+00
  -8.42423371685709e+00
  -7.29687930468299e+00
  -7.77107771868532e+00
  -7.22279656059982e+00
  -7.45103102247595e+00
  -7.31126400736139e+00
  -9.25243066463872e+00
  -7.31012980261676e+00
  -9.96999155739104e+00
  -8.59318571460335e+00
  -6.05772015862613e+00
  -2.11331606580961e+00
  -2.11089245455764e+00
  -2.11160819938277e+00
  -2.11939582242712e+00
  -7.23223886585538e+00
  -9.31137146755191e+00
  -2.12574979530496e+00
  -9.37777795070042e+00
  -9.05617627371794e+00
  -7.29987748248277e+00
  -9.35213374678597e+00
  -2.11408954005469e+00
  -2.10952138947391e+00
  -2.12565219858925e+00
  -9.59443149386288e+00
  -1.09562580557831e+01
  -9.81520292632740e+00
  -1.19862601567361e+01
  -1.01654098923582e+01
  -7.31246353643473e+00
  -1.10296199395416e+01
  -9.49913625452200e+00
  -8.81967828188772e+00
  -7.30869336813885e+00
  -1.01630434798271e+01
  -9.49913625452200e+00
  -1.10862966321588e+01
  -9.62211720662162e+00
  -9.59103203473023e+00
  -1.03650245534691e+01
  -1.06495128420815e+01
  -1.14935376016902e+01
  -1.03122611633198e+01
  -1.04079571528514e+01
  -1.15277537673483e+01
  -1.20480725759853e+01
  -1.05664184006055e+01
  -1.06327446947962e+01
  -1.01821143189209e+01
  -1.23066620181739e+01
  -1.03581240278368e+01
  -2.12844757827133e+00
  -9.59103182367562e+00
  -2.12382492518122e+00
  -2.12729000041327e+00
  -1.05054527131979e+01
  -6.17466660736272e+00
  -1.04930860057393e+01
  -1.05764907029097e+01
  -1.23904768851612e+01
  -6.00614871934818e+00
  -6.46290325329528e+00
  -1.12025603919219e+01
  -1.04148712328424e+01
  -1.14658153826313e+01
  -1.05028881587632e+01
  -1.00642431911861e+01
  -2.12758061577620e+00
  -2.12531201520596e+00
  -2.12275478144579e+00
  -2.12516302274980e+00
  -2.12456957781933e+00
  -5.92980112146006e+00
  -6.20332040726521e+00
  -6.03237650423443e+00
  -1.26617302427389e+01
  -5.40066993910250e+00
  -5.33590394569160e+00
  -4.95864024640764e+00
  -5.55331639881706e+00
  -2.12691883328125e+00
  -2.12499895421661e+00
  -5.67554057988445e+00
  -5.73747910969291e+00
  -5.61254739898959e+00
  -5.69903044802504e+00
  -5.31459328619985e+00
  -2.12552911315083e+00
  -2.12335616997939e+00
  -2.12410490244179e+00
  -2.12267360209239e+00
  -5.15350728262024e+00
  -5.07555798628164e+00
