   5.70492893166011e+00
   7.82936992663599e+00
   6.73283488015659e+00
   6.40017096650263e+00
   5.73607795342468e+00
   6.39802753785261e+00
   5.32631073035736e+00
   5.14370585610232e+00
   5.26554916639725e+00
   5.26274313362956e+00
   5.15059623535853e+00
   5.41267817439802e+00
   5.73109744768226e+00
   5.73992466058189e+00
   4.61926836289786e+00
   5.92912939507005e+00
   5.52004163289166e+00
   5.62734804095089e+00
   5.28296191602567e+00
   5.85099432002971e+00
   5.60034668294611e+00
   5.59856641679289e+00
   5.85225499819717e+00
   5.46059891682671e+00
   5.60563122799431e+00
   5.69389932445119e+00
   5.75079831435141e+00
   5.44790764521895e+00
   5.86100525378788e+00
   5.86191491795034e+00
   5.65300682088855e+00
   5.28292911682001e+00
   5.67285446245296e+00
   5.85249030362684e+00
   5.84973192898178e+00
   5.84661643935760e+00
   4.61578358549741e+00
   5.70670895310468e+00
   5.40830735081181e+00
   7.93145017047027e+00
   7.93893096425563e+00
   5.27199235128501e+00
   5.68779113976416e+00
   6.73225360155811e+00
   7.93475965753532e+00
   5.33308911085624e+00
   6.39384950512977e+00
   7.93780652497480e+00
   7.93602888914393e+00
   8.66408599183160e+00
   5.72489556406435e+00
   8.66696600937394e+00
   6.39298539382071e+00
   7.92672647512518e+00
   7.83309602593181e+00
   8.86568535605329e+00
   6.20395060176452e+00
   8.42291420130459e+00
   7.92540353100776e+00
   8.66814843810062e+00
   8.47100165609663e+00
   8.67101989813818e+00
   8.66989040404405e+00
   8.66999356430915e+00
   8.32783415688846e+00
   8.34800240865025e+00
   8.71591569400243e+00
   8.66793605816747e+00
   8.66710426237660e+00
   7.83099966907685e+00
   8.90895869353062e+00
   6.01954883337748e+00
   7.82451536579356e+00
   7.87020491491057e+00
   6.19648709789180e+00
   6.20354798377230e+00
   8.66502207449139e+00
   7.92608827394361e+00
   8.66671391915861e+00
   6.19846267507091e+00
   8.66476008096924e+00
   6.20380039139491e+00
   8.66584697289909e+00
   7.93039086285353e+00
   7.93458556602673e+00
   6.20425356616033e+00
   7.92972935527723e+00
   7.92752142561039e+00
   8.66638603362662e+00
   6.77679298826843e+00
   5.71095817892274e+00
   5.73876905070210e+00
   5.70204774495141e+00
   5.71645390852427e+00
   7.93804948682919e+00
   7.93441412419816e+00
   7.93669484008024e+00
   7.93704627669285e+00
   6.39713427360402e+00
   7.93905764867304e+00
   8.01195722324883e+00
   5.33079200760767e+00
   4.61578967214882e+00
   5.76453040484921e+00
   5.14973771342193e+00
   5.32872745582790e+00
   5.75056039007177e+00
   5.78330549994644e+00
   6.52120961030050e+00
   5.18911157851835e+00
   4.04958807090225e+00
   7.08082315489628e+00
   5.62880506839065e+00
   5.63535325436533e+00
   5.77817529291860e+00
   5.67296441707003e+00
   5.66974921223300e+00
   5.27698888950908e+00
   5.66596007484623e+00
   5.29121872341057e+00
   5.27488693594933e+00
   5.65053749668368e+00
   5.65906975043254e+00
   5.77685697992638e+00
   5.60432989614492e+00
   5.65253491123076e+00
   5.27452248180998e+00
   5.65223947138657e+00
   5.65467118071683e+00
   6.34345771760854e+00
   5.66708069381275e+00
   5.28175758377984e+00
   5.27890192182167e+00
   5.62927359483729e+00
   5.65907355283343e+00
   6.25734940925031e+00
   5.63387517179945e+00
   7.07926368640437e+00
   5.28743893193314e+00
   6.25554887105318e+00
   5.78361701249378e+00
   5.78181763592511e+00
   5.63216165706763e+00
   4.97403182393828e+00
   5.18185204081237e+00
   5.64105240626668e+00
   6.26151573420793e+00
   4.61617604931962e+00
   4.61648998584133e+00
   4.61461260122815e+00
   6.39462529979210e+00
   4.61467119334338e+00
   6.39729280858592e+00
   7.93275656492006e+00
   7.93164819177764e+00
   5.70694040619492e+00
   7.82676788417848e+00
   7.93899552962102e+00
   5.72608319557185e+00
   5.73024854090181e+00
   5.70910858520801e+00
   5.72811728122906e+00
   6.39830714231357e+00
   6.19858086916793e+00
   7.93059315547907e+00
   6.77401635826573e+00
   7.92756952727905e+00
   8.86652420298105e+00
   8.66677724621695e+00
   7.92881909525931e+00
   8.66498678562584e+00
   7.92742010904840e+00
   8.42197483469863e+00
   7.93105691435994e+00
   8.32861574257549e+00
   8.66602082199370e+00
   8.42086399676646e+00
   8.76399241015861e+00
   8.76308411412174e+00
   8.66812422314251e+00
   8.01526299530269e+00
   7.82884793154517e+00
   8.91085343368832e+00
   8.66697265732364e+00
   8.00675706766560e+00
   7.83065478026765e+00
   6.20342166432965e+00
   6.39095106754030e+00
   6.40003630418869e+00
   6.19629036610786e+00
   5.70727802467809e+00
   5.72818544455004e+00
   8.66764390018761e+00
   7.93626138799664e+00
   8.66456465224655e+00
   7.93419078996521e+00
   8.01421578308509e+00
   5.71009941249213e+00
   8.01417033207144e+00
   5.32427195058335e+00
   5.32164749858930e+00
   5.74654151788127e+00
   8.00625965452673e+00
   8.01240732993574e+00
   5.32469842834325e+00
   8.00721303027603e+00
   4.04768449206313e+00
   6.26249428122901e+00
   5.99876125328956e+00
   5.66251526098495e+00
   6.01799917833341e+00
   5.18375140192802e+00
   5.65982045237979e+00
   6.32967390839985e+00
   5.76487722855381e+00
   5.66518358180110e+00
   5.65134763628885e+00
   5.60177901493444e+00
   6.38423915368548e+00
   6.32596427982571e+00
   5.65555806755947e+00
   6.58901069698732e+00
   6.33585633140683e+00
   6.45446576286304e+00
   6.59687953501088e+00
   5.76197780908842e+00
   5.26902697873811e+00
   7.08550683063186e+00
   6.35784222220900e+00
   5.77521175063521e+00
   6.35882923975078e+00
   5.62304812775619e+00
   6.35422675162044e+00
   6.33975148962054e+00
   5.36794485490100e+00
   5.17955130525661e+00
   5.18437847418681e+00
   5.78036076050557e+00
   5.37973427714678e+00
   5.60125162587428e+00
   8.00597700116123e+00
   7.87981480554845e+00
   4.62209097616505e+00
   5.71157838536237e+00
   8.01412015970891e+00
   7.93854592278876e+00
   5.73505582010694e+00
   8.00637951216777e+00
   8.66333875543569e+00
   7.93152232774082e+00
   7.93716666708860e+00
   8.00588178377438e+00
   7.93010613005936e+00
   7.92666281792117e+00
   7.87216794889900e+00
   8.66340608791234e+00
   8.66732148262599e+00
   8.01431184042667e+00
   7.82438591451682e+00
   6.39222698568119e+00
   7.93445412432447e+00
   7.93103866689125e+00
   5.70607398351058e+00
   7.92739352673925e+00
   8.86729907999597e+00
   8.90932621542197e+00
   8.91014460056067e+00
   7.82377325328343e+00
   8.66707927506650e+00
   8.66887822557237e+00
   8.66871203613755e+00
   7.92506222293741e+00
   8.66519836371208e+00
   8.66600875214954e+00
   8.32751783626009e+00
   8.66490555149721e+00
   5.72107217981466e+00
   5.72202845984066e+00
   6.02008151925475e+00
   8.01293953944514e+00
   7.86946770820214e+00
   6.20313909498145e+00
   6.39690491396323e+00
   7.92958485336567e+00
   6.77349823213808e+00
   8.00634136921326e+00
   8.66682267857141e+00
   8.00860873558486e+00
   6.39673670693810e+00
   8.66591437683019e+00
   6.39807281200046e+00
   6.38981379441248e+00
   8.66625007633411e+00
   8.01351362310379e+00
   6.38746458721653e+00
   8.01320708991989e+00
   7.93390046510467e+00
   8.01281372442099e+00
   6.39623839027990e+00
   8.01224403304877e+00
   7.93383785023070e+00
   6.39405404344143e+00
   6.39726956636878e+00
   5.41077707540899e+00
   5.80947343202206e+00
   8.01346825291148e+00
   8.00618431849034e+00
   8.00640126403050e+00
   5.44291413649626e+00
   7.43081593932766e+00
   5.96674332581097e+00
   5.30887052599428e+00
   8.15721952934473e+00
   6.02375209188904e+00
   8.16276897915213e+00
   5.62827195920545e+00
   5.77483933541225e+00
   5.17489834143271e+00
   5.62760504909966e+00
   5.17968250946069e+00
   5.66103330157057e+00
   5.31059993504823e+00
   5.66186701248444e+00
   6.32793446365395e+00
   5.65257771702090e+00
   5.77983630023300e+00
   5.64883736910633e+00
   5.64503706978212e+00
   6.35131002621347e+00
   5.65733199278111e+00
   5.77796910662437e+00
   5.64657236070707e+00
   7.27748930221424e+00
   6.32830644334899e+00
   6.35139961083041e+00
   5.76415561267277e+00
   6.35524899773009e+00
   5.31222942317618e+00
   6.33285831483227e+00
   5.65470949523660e+00
   5.18129447933097e+00
   5.99107748390452e+00
   6.32848053377893e+00
   5.17664509767928e+00
   5.97619592312913e+00
   8.16335136562793e+00
   5.99432902034823e+00
   5.99075509998147e+00
   5.96594256406024e+00
   7.43111552995833e+00
   5.37004324297959e+00
   5.97058689207915e+00
   5.99819326489524e+00
   8.00640241150541e+00
   5.75204246837893e+00
   5.72319122329645e+00
   7.93690430712741e+00
   8.00990289374022e+00
   6.38756163982180e+00
   5.41288545136558e+00
   5.73052667517186e+00
   7.96423348632197e+00
   6.39347731167072e+00
   8.01222827680431e+00
   8.01400768697386e+00
   5.41050192240436e+00
   5.74565409928618e+00
   7.96315887075980e+00
   6.38672388840496e+00
   8.00634209087548e+00
   8.00819079015309e+00
   8.01548043001094e+00
   8.00838063443553e+00
   6.20279560477502e+00
   7.92982090089754e+00
   6.19833172630024e+00
   5.72696197900586e+00
   7.92674646292107e+00
   6.20413342089887e+00
   8.91157648492845e+00
   7.92572084461244e+00
   8.66668445122741e+00
   8.66490728771441e+00
   9.36255593928445e+00
   8.32633341036581e+00
   8.01573974698113e+00
   8.01385660783671e+00
   7.82258423448548e+00
   8.00939032599672e+00
   7.82195426057297e+00
   8.01571875624904e+00
   6.20382938334660e+00
   8.00737274455969e+00
   8.91275601868074e+00
   6.20313122960943e+00
   8.66428449844443e+00
   6.20193646729604e+00
   6.19761061500321e+00
   5.72447755278336e+00
   8.66482258789256e+00
   6.20204710149847e+00
   8.01262131060321e+00
   8.00963990567288e+00
   8.01574769205035e+00
   8.03664876565017e+00
   5.80115623975144e+00
   8.00685621068442e+00
   5.81482096526452e+00
   5.99913951407143e+00
   5.29895855269933e+00
   5.43738137239416e+00
   7.43017545579823e+00
   5.26580058948821e+00
   5.39249696965999e+00
   7.43123908186863e+00
   7.43066389013984e+00
   6.00637437527621e+00
   6.16720047009949e+00
   5.98952620571436e+00
   8.00164933016822e+00
   5.30575782005326e+00
   6.33193349635621e+00
   5.30463282476194e+00
   8.15483244155166e+00
   6.32780088011350e+00
   5.75699326584436e+00
   8.15879327443690e+00
   5.77680749998399e+00
   6.15137423909982e+00
   6.56207831722168e+00
   8.15471717857599e+00
   8.04696125567898e+00
   5.77919711127106e+00
   8.15425330374273e+00
   6.01344983723538e+00
   6.35583937732008e+00
   8.15518416877785e+00
   5.30586238158503e+00
   6.35406644186151e+00
   5.30952123364114e+00
   8.15917665680536e+00
   6.33972016180996e+00
   5.43810233429394e+00
   6.01772777167935e+00
   5.44298936222185e+00
   6.01776906146188e+00
   8.04338001796350e+00
   5.45552564448735e+00
   8.00041459715067e+00
   5.45789753813369e+00
   5.29840759419312e+00
   7.94401508641749e+00
   8.01320638923062e+00
   8.00762464952641e+00
   8.01277312585626e+00
   6.38498145530684e+00
   5.70282118950490e+00
   8.02566540493535e+00
   6.39178890666153e+00
   8.03695699077798e+00
   8.00807911579432e+00
   8.00677322972842e+00
   6.38338736510559e+00
   7.93280930984292e+00
   6.38552181553678e+00
   8.01388981588570e+00
   5.72854711056789e+00
   7.92943778613881e+00
   5.85039140062872e+00
   6.20208587208617e+00
   6.19705365787013e+00
   5.70328866757700e+00
   8.86843283434882e+00
   8.91048634936487e+00
   8.86776219149124e+00
   8.66610913223303e+00
   7.93258103112385e+00
   8.47179028476512e+00
   6.20347973773460e+00
   8.66511082003217e+00
   9.36024071016550e+00
   7.92517864434740e+00
   8.86777825458012e+00
   7.93102098584131e+00
   8.96809240536004e+00
   8.66474692029351e+00
   8.66547892415929e+00
   8.66563449356545e+00
   8.66455922966907e+00
   6.19777422966217e+00
   6.38703131716466e+00
   6.39058075451976e+00
   6.39020098383480e+00
   8.00940519150208e+00
   6.39688118675258e+00
   9.35800732185794e+00
   5.84254209983919e+00
   6.38826811756371e+00
   8.01512014995933e+00
   6.39018399893394e+00
   9.35638003245003e+00
   5.73732466072761e+00
   9.35482281756845e+00
   6.39003916864749e+00
   8.00683608306645e+00
   8.01376088060351e+00
   5.74774063019868e+00
   5.43566611072310e+00
   8.00920482269066e+00
   8.01636261046042e+00
   5.43618902805974e+00
   8.01444143610570e+00
   4.05339993715461e+00
   5.51548254290537e+00
   8.01017268968280e+00
   8.01384530877476e+00
   5.66208845620349e+00
   6.28894338929967e+00
   6.02595996972741e+00
   8.16185814326491e+00
   7.42976350290883e+00
   6.16576272893872e+00
   5.43668424959833e+00
   6.16379655733908e+00
   5.43467404058538e+00
   7.43293674544839e+00
   6.14397907783496e+00
   5.76218729190805e+00
   5.29650395761564e+00
   6.15652909353958e+00
   8.15944717654565e+00
   6.15365559509883e+00
   8.15417088576487e+00
   8.15929203193537e+00
   8.16011728446301e+00
   6.33382571912080e+00
   8.15163098844096e+00
   8.15441619059675e+00
   6.33444849352964e+00
   5.75884268181835e+00
   5.76639696604616e+00
   5.90379794298133e+00
   6.35363956570291e+00
   8.15099650554293e+00
   8.15112008080632e+00
   5.78223438671557e+00
   6.15940807264269e+00
   5.30432205681791e+00
   6.32941275488702e+00
   6.16272733008736e+00
   8.15533081341891e+00
   8.16357088637233e+00
   6.01726621714261e+00
   6.16781416242520e+00
   6.02987318599116e+00
   6.01267526126321e+00
   6.00632545657936e+00
   5.44107135628292e+00
   6.01238026905412e+00
   7.43105787090281e+00
   7.42997850241591e+00
   5.43591944468790e+00
   4.05033162124892e+00
   5.57552742518237e+00
   5.30389561608536e+00
   5.50942201920407e+00
   5.43867470932310e+00
   4.61911222533672e+00
   5.60143027213053e+00
   5.29795505597940e+00
   8.01379224247285e+00
   8.01354107552106e+00
   8.00877519664937e+00
   8.00895372480591e+00
   8.00953613786987e+00
   4.84926927401466e+00
   6.39524541955689e+00
   4.83067517342715e+00
   8.00761160522234e+00
   7.93136452392901e+00
   8.00930379091187e+00
   8.00979247836403e+00
   9.35675749658731e+00
   7.93744900570709e+00
   6.20161687406653e+00
   8.01574152238209e+00
   6.39529514928290e+00
   8.01362840241018e+00
   9.35860976024355e+00
   8.00712121675497e+00
   6.19681897187911e+00
   8.00735077029276e+00
   7.92740487940318e+00
   7.86887251120424e+00
   8.66374818324039e+00
   5.72250289861404e+00
   6.19560706839184e+00
   7.92614764495920e+00
   6.39717847866632e+00
   8.86827464808994e+00
   6.20378822341445e+00
   8.41774280259324e+00
   8.87103193995063e+00
   8.96822231395072e+00
   8.66583988007551e+00
   8.66684933567467e+00
   8.87073676504315e+00
   8.91112121270271e+00
   8.46860394167197e+00
   9.36439804343195e+00
   6.38631772171357e+00
   6.40133682736268e+00
   6.20302676057690e+00
   8.02554489521572e+00
   6.39811636279410e+00
   8.02582053681726e+00
   8.00743827696715e+00
   5.85435102650445e+00
   5.32390644645056e+00
   7.93262713520016e+00
   8.01551599375853e+00
   8.00760206798077e+00
   8.02604146977683e+00
   8.01380922274620e+00
   8.03691190362770e+00
   4.61925024730954e+00
   7.93442042502465e+00
   5.42888871781543e+00
   5.45389520960089e+00
   5.66130205110312e+00
   5.99155675273505e+00
   5.29463136224877e+00
   6.16033529703054e+00
   7.43027286532015e+00
   7.43001747263224e+00
   5.29685665235229e+00
   5.29913505966397e+00
   6.11799032788258e+00
   6.11598887319997e+00
   5.76302753940763e+00
   6.15753675532324e+00
   8.16115660802279e+00
   8.15061783061992e+00
   6.01390755338434e+00
   6.56374021717056e+00
   5.77929561201745e+00
   8.15986790960142e+00
   8.15696483052034e+00
   6.34991134759912e+00
   5.77751237244229e+00
   6.15629064547466e+00
   5.77805650217124e+00
   7.43151186143405e+00
   8.15957481347687e+00
   8.15311346584076e+00
   5.29380648857114e+00
   6.15841103662387e+00
   8.15753538741228e+00
   5.65369762618866e+00
   6.16019739704279e+00
   6.16338271635686e+00
   7.42974183274964e+00
   5.24613163701724e+00
   5.99097427125162e+00
   6.18781210264933e+00
   5.43839907194342e+00
   5.66110752327950e+00
   6.26141364524301e+00
   8.01675668465396e+00
   8.00820158439092e+00
   8.01440493677364e+00
   8.01456195374158e+00
   8.00845536073757e+00
   5.40090773891643e+00
   7.50741170360379e+00
   5.82043914170936e+00
   5.29341548248340e+00
   5.51667561350405e+00
   5.43406325692558e+00
   7.93576865195064e+00
   8.02573365819626e+00
   5.59413256690823e+00
   5.60580125335036e+00
   8.02593072518175e+00
   6.38131570903352e+00
   4.84606611004710e+00
   5.85274427024342e+00
   7.92903224340807e+00
   6.20189973689048e+00
   6.20157198521338e+00
   5.83908260574754e+00
   6.19485755733695e+00
   5.36736257582015e+00
   6.20223753856772e+00
   6.39988901646939e+00
   6.20243433594806e+00
   6.20225696526904e+00
   6.38679190646872e+00
   8.00777308270517e+00
   9.36501289563421e+00
   5.71990840257786e+00
   8.66452017818483e+00
   9.39794783549701e+00
   9.39800922709810e+00
   8.58453516114605e+00
   8.91266775155873e+00
   9.36696299640403e+00
   8.50132808740182e+00
   8.87159370405334e+00
   6.38778982957956e+00
   8.03719457308216e+00
   9.36497709030414e+00
   5.84018784937871e+00
   6.20282733818385e+00
   8.03675936780746e+00
   6.39741079091255e+00
   8.02503906135098e+00
   6.38201418468088e+00
   5.41165635001380e+00
   6.38223546949666e+00
   8.03693713189568e+00
   5.60491099460342e+00
   5.60091180311792e+00
   7.50534140145646e+00
   5.43518082000082e+00
   5.83195462397634e+00
   5.66397884390244e+00
   5.43487950556664e+00
   5.43109590687163e+00
   5.30021292961101e+00
   5.29996963766826e+00
   5.65913914401608e+00
   5.43585520971101e+00
   7.42858744500700e+00
   5.65804213093361e+00
   5.90043716013315e+00
   8.16056076494806e+00
   6.16306126016207e+00
   5.12803912063828e+00
   6.16241926047587e+00
   5.65245415320896e+00
   6.16086984276262e+00
   6.15947732617133e+00
   8.16048121427320e+00
   5.77870599497692e+00
   4.67841166798826e+00
   6.16456609376473e+00
   8.15157038436246e+00
   8.15711171426210e+00
   8.15356121000787e+00
   6.55261934563714e+00
   6.15966238257897e+00
   5.61223603573671e+00
   6.35418806736561e+00
   8.15398614245623e+00
   5.29118000193921e+00
   5.29285561745201e+00
   8.15955760402721e+00
   6.16190793895294e+00
   5.78068150430772e+00
   6.16316722753982e+00
   5.29417324765382e+00
   5.43315974289362e+00
   5.78255007173357e+00
   5.89629721405800e+00
   5.24532945460305e+00
   5.64474474636154e+00
   5.44751417906809e+00
   7.42896227719393e+00
   5.43605789118374e+00
   7.96745645719238e+00
   5.43534214873216e+00
   5.43924653602153e+00
   5.57540177488409e+00
   7.96417522508636e+00
   5.43730943420451e+00
   5.45076715651521e+00
   5.65956806716713e+00
   5.43788588214375e+00
   8.01126570473389e+00
   5.29483703000369e+00
   5.43471809174298e+00
   5.57768123892311e+00
   5.30025519371338e+00
   8.03811161527119e+00
   6.39498168175123e+00
   5.85474050624907e+00
   6.38657508502365e+00
   6.39156145370362e+00
   6.39304986040588e+00
   6.20232385478812e+00
   8.03669948682000e+00
   6.38458076801908e+00
   5.85200008076936e+00
   8.02588321368967e+00
   6.38874022907476e+00
   6.19700583993472e+00
   7.96846033490874e+00
   9.36647184964977e+00
   6.20256073843120e+00
   7.94739466255123e+00
   9.36956039756160e+00
   8.02509006697437e+00
   9.36413199827825e+00
   6.19699866132942e+00
   7.96312876649426e+00
   5.31605932705133e+00
   5.62196492656221e+00
   6.38879044471469e+00
   6.37910517067940e+00
   6.40006274824918e+00
   8.03802116251245e+00
   5.32050297249953e+00
   5.60618648576929e+00
   5.60153296311910e+00
   5.43314002650368e+00
   5.01806119786124e+00
   4.62590019727213e+00
   5.65872211352689e+00
   5.01725570212875e+00
   5.42517669687732e+00
   5.41680721901139e+00
   8.01722769183471e+00
   5.43823720173532e+00
   5.22715905870427e+00
   5.28966825189127e+00
   5.43141706368988e+00
   5.29462172737476e+00
   7.42611348060564e+00
   5.23499603646997e+00
   5.43208626721389e+00
   5.64059578792148e+00
   5.28943664145481e+00
   6.16358878756000e+00
   7.42722454350769e+00
   5.13476960056869e+00
   8.15099121349522e+00
   5.42942445005247e+00
   4.77282600077160e+00
   5.43422866336186e+00
   8.15101469178080e+00
   8.15109603248129e+00
   7.42777739129269e+00
   6.16415470947686e+00
   5.65453974649427e+00
   6.16653293851778e+00
   5.13021777710674e+00
   5.65535269097745e+00
   5.90120822606332e+00
   5.77946873748806e+00
   6.16568708749037e+00
   5.29149487089671e+00
   5.64356001696069e+00
   7.42772737276573e+00
   5.64233260033143e+00
   7.42737691566981e+00
   7.50809271354774e+00
   5.24336470684284e+00
   8.01543511201817e+00
   7.52693857419945e+00
   5.58118504206141e+00
   5.30054930514234e+00
   7.50551323042964e+00
   5.02029284226592e+00
   8.02609949224461e+00
   5.02000160138414e+00
   5.29452557601326e+00
   8.03767398643504e+00
   5.60395214624077e+00
   8.03666856965719e+00
   5.60284218794550e+00
   8.03584707453047e+00
   7.97147667514764e+00
   8.02685342390942e+00
   6.39547705088626e+00
   6.38528849808426e+00
   8.46556440887525e+00
   8.91306540931055e+00
   8.46647747775842e+00
   7.96043686954363e+00
   9.37161104895836e+00
   8.80353459420348e+00
   8.46570192385298e+00
   9.36536319053107e+00
   5.61802457201338e+00
   6.39619530791970e+00
   6.39901083941004e+00
   6.38071180189945e+00
   5.31151002236584e+00
   5.62548003945994e+00
   5.31416799138970e+00
   5.62790932389544e+00
   5.31552111219935e+00
   5.01680595743892e+00
   5.02030770483179e+00
   7.50403978724717e+00
   5.01406449365095e+00
   8.12377455816841e+00
   5.42607720042361e+00
   5.23487078573453e+00
   5.56772152823032e+00
   5.57392477323083e+00
   8.01179273608250e+00
   5.44795172784143e+00
   7.96369462047369e+00
   5.65799667743704e+00
   7.42584126744259e+00
   5.65651466203781e+00
   5.89146610471289e+00
   7.42480495198470e+00
   7.42560615614639e+00
   6.16690208325235e+00
   5.13198426252711e+00
   5.44614930180978e+00
   5.42321243787956e+00
   8.15041436922365e+00
   8.15141609662260e+00
   8.15616860312002e+00
   6.16659981327030e+00
   8.15716845794395e+00
   6.16854031761977e+00
   7.42678187735510e+00
   5.28731428226820e+00
   6.16597011339400e+00
   5.36044002937706e+00
   8.15834779283068e+00
   5.43315114498910e+00
   6.16985036168262e+00
   6.16655702068238e+00
   6.16535660502996e+00
   5.65414799406062e+00
   6.16661835532796e+00
   5.13142198133210e+00
   5.24894857115578e+00
   5.44690883963267e+00
   7.42533663663744e+00
   5.44811661435233e+00
   5.43271193055625e+00
   5.22440067656862e+00
   5.64238600242243e+00
   5.56705240391602e+00
   5.57400501765369e+00
   5.58297616627897e+00
   5.67787014624628e+00
   7.52544161075821e+00
   8.01180656178985e+00
   5.58527376243001e+00
   5.65810512833559e+00
   5.67057520426897e+00
   7.52421737550139e+00
   5.52680302956651e+00
   8.03679920997274e+00
   5.26597945592584e+00
   5.63497574196663e+00
   5.02241036736814e+00
   8.02557499132308e+00
   5.68049649206660e+00
   5.62642758771108e+00
   7.96412495864570e+00
   7.96800943180097e+00
   6.39631418762292e+00
   7.96598972244647e+00
   9.37171488371814e+00
   8.63963985208738e+00
   8.64099365418497e+00
   9.41023358943448e+00
   1.84395153766160e+01
   9.37051004310661e+00
   7.96621288143251e+00
   7.81122709192823e+00
   9.36832419818779e+00
   9.36809891555163e+00
   7.81299184876480e+00
   7.81619859587408e+00
   5.30807658780031e+00
   8.03768573852904e+00
   5.62564687958002e+00
   5.62348367331288e+00
   5.67641872619788e+00
   5.31141688358184e+00
   5.68264665473544e+00
   7.97160182600055e+00
   7.96603430327013e+00
   5.41482102387454e+00
   5.25748003394983e+00
   5.31405313924188e+00
   5.67838784505511e+00
   5.01883522941353e+00
   5.41094822116793e+00
   5.17551677208394e+00
   5.01916505188638e+00
   5.01723517578648e+00
   8.02405668892789e+00
   8.02632433571489e+00
   5.01707771479050e+00
   8.02392242155656e+00
   5.64571740398969e+00
   5.02438272696600e+00
   5.65834253376670e+00
   7.52194582005359e+00
   5.54091901208085e+00
   5.29322079550548e+00
   5.65877240984264e+00
   5.43348367710860e+00
   5.42535273267640e+00
   5.43547292739822e+00
   5.65944819377910e+00
   5.43431107061406e+00
   5.68091048415590e+00
   5.68125438397328e+00
   5.47151860353188e+00
   7.52506903183348e+00
   5.67755795096673e+00
   8.01623903384461e+00
   5.64326216108384e+00
   5.67666964339151e+00
   5.33935717674103e+00
   7.52490741248766e+00
   5.22592469066149e+00
   5.46694797610689e+00
   5.44454427634628e+00
   5.13381120708436e+00
   5.57242094538742e+00
   7.52628597198600e+00
   7.97193961956145e+00
   5.64150593908198e+00
   5.12878465334870e+00
   7.42310850577633e+00
   5.12615607258340e+00
   7.50806629892941e+00
   7.42456379814212e+00
   5.42819159691862e+00
   5.65487294106060e+00
   5.34423750504357e+00
   5.44303712584951e+00
   5.65415412237780e+00
   6.16670061271361e+00
   5.42958393137087e+00
   6.16743134969147e+00
   8.21373806249176e+00
   6.16668200850472e+00
   8.15146000987988e+00
   6.16538076845609e+00
   7.42439444142110e+00
   6.16839136257840e+00
   5.67369631612019e+00
   4.31757997102613e+00
   6.16680709979119e+00
   5.77645670411584e+00
   5.42452601027981e+00
   6.16667867925571e+00
   5.42659353509225e+00
   5.77562311070869e+00
   8.15867504689049e+00
   5.42780075912378e+00
   6.16766919374641e+00
   7.42540212322456e+00
   5.28614774775633e+00
   7.50766802172075e+00
   6.16761915404277e+00
   7.50879970614551e+00
   7.52701311752753e+00
   5.24277593821535e+00
   5.12651875327356e+00
   5.44582868308498e+00
   7.42459900350514e+00
   8.01001890589032e+00
   5.64135355556573e+00
   5.43024136622626e+00
   5.12959126071291e+00
   5.42878753800323e+00
   8.00994355767943e+00
   5.13185475154023e+00
   5.42979586139336e+00
   5.43090809687055e+00
   5.33421213859037e+00
   8.01635792543675e+00
   5.29089631105671e+00
   5.57176348652501e+00
   5.29136164352531e+00
   5.65918635007256e+00
   8.12303466997673e+00
   5.67750077183882e+00
   5.58122941461988e+00
   5.59061144723091e+00
   5.58190464443032e+00
   7.50223334969269e+00
   5.64586537124342e+00
   8.02694864694786e+00
   5.64586658610278e+00
   8.03908596653127e+00
   8.03664755536738e+00
   8.03780632369126e+00
   8.02519268468313e+00
   5.31830133466428e+00
   5.53048111529642e+00
   7.97167649772382e+00
   5.02408849194762e+00
   5.31711620347414e+00
   8.03857999924912e+00
   5.17653985690777e+00
   5.01855025300756e+00
   5.01991749706576e+00
   8.02466196704518e+00
   8.03895177139384e+00
   5.67620457477824e+00
   5.67786765454730e+00
   5.02100859281927e+00
   5.25479958427968e+00
   5.68261630064444e+00
   8.03689690221472e+00
   5.68114767102452e+00
   5.62736600258359e+00
   5.30979897233556e+00
   8.03773484221347e+00
   7.96341976478470e+00
   7.81027687547794e+00
   7.96882016957170e+00
   7.96726733274409e+00
   8.03846401261762e+00
   7.81157873200027e+00
   7.96943136107984e+00
   7.96581656173294e+00
   7.80763582356667e+00
   7.96112629980234e+00
   8.69157482842002e+00
   7.96563204186350e+00
   7.80653852640717e+00
   8.80909046110446e+00
   8.68453700569899e+00
   8.69325551957081e+00
   9.36864561786660e+00
   9.41131003898636e+00
   9.36721069193914e+00
   9.37462824956629e+00
   8.69139685706341e+00
   9.36418427252283e+00
   8.68269221648188e+00
   9.36916432069756e+00
   7.96092869982203e+00
   8.03860654264281e+00
   5.67699825053569e+00
   7.96392678503616e+00
   8.02694160457941e+00
   7.96371916144562e+00
   7.97035404165945e+00
   7.96445546361974e+00
   7.81717527886394e+00
   8.02647720066489e+00
   5.58459051049067e+00
   7.97185180462293e+00
   7.96579424959964e+00
   5.01803033551187e+00
   5.02068519247405e+00
   5.62639899800706e+00
   5.01841789012906e+00
   4.83251456369180e+00
   5.25587090140834e+00
   5.17513546703776e+00
   5.17341242356633e+00
   8.03832184160638e+00
   5.02030334893061e+00
   7.97235322511187e+00
   8.03773430066030e+00
   5.02548584677788e+00
   5.17893347599966e+00
   8.03706033804519e+00
   5.02501894557645e+00
   7.96896909053066e+00
   5.01087357743381e+00
   5.01390710551641e+00
   5.12754291948295e+00
   5.43274788715644e+00
   5.46667695841097e+00
   5.01640118382056e+00
   8.12102464029522e+00
   5.44802275588881e+00
   5.65863458832609e+00
   5.65754215324705e+00
   5.59684882055444e+00
   5.43465671318336e+00
   5.55756765257320e+00
   5.30320713852416e+00
   5.67640525685783e+00
   5.64368746903710e+00
   5.59590496821693e+00
   5.65705338811676e+00
   5.67871299476246e+00
   7.52463727782379e+00
   8.12162970616282e+00
   7.50554740422922e+00
   7.50341572629441e+00
   5.24480437496823e+00
   5.58751292239322e+00
   5.64170747722164e+00
   7.50516651308135e+00
   5.67889622425355e+00
   6.16869137470349e+00
   5.37031572173146e+00
   5.33588964394221e+00
   5.13009783110101e+00
   7.50607469314127e+00
   5.34160243579754e+00
   5.64024080444142e+00
   7.50695418853502e+00
   7.50574104664338e+00
   7.50558136703512e+00
   7.52604712531502e+00
   6.16836141646127e+00
   8.15141168383616e+00
   8.15143825602081e+00
   5.47337337543286e+00
   7.50819706829861e+00
   7.50838686333918e+00
   5.77372109744101e+00
   4.31288241307266e+00
   5.36250534963256e+00
   5.66899729013676e+00
   7.42216372069925e+00
   7.42264379933840e+00
   6.16876135014536e+00
   7.50646358289850e+00
   7.50719618360563e+00
   6.16794215339542e+00
   7.50679361020957e+00
   5.44252008993135e+00
   7.50786200609764e+00
   5.44187812428208e+00
   5.23700696172818e+00
   5.34194924930125e+00
   7.50701861590278e+00
   8.01241523903809e+00
   5.46345349960757e+00
   5.58225667452643e+00
   5.44268543665021e+00
   5.65601265934674e+00
   5.65623931033042e+00
   5.12948675715234e+00
   5.23989301929032e+00
   5.57121419297255e+00
   5.58748106421626e+00
   5.23882983767908e+00
   5.68825753577403e+00
   6.17449918585407e+00
   5.32370881162933e+00
   5.32988338320865e+00
   5.64325340428695e+00
   5.68489200685144e+00
   7.52275152657967e+00
   8.12083676245220e+00
   5.12821394860657e+00
   5.46202991467726e+00
   5.43082778473035e+00
   5.68302523099919e+00
   5.43176593985481e+00
   5.00959579304254e+00
   5.30694315487563e+00
   5.37625249548728e+00
   5.45960041536455e+00
   5.37528325220410e+00
   5.31473528792776e+00
   5.02616885151292e+00
   8.03768387464879e+00
   4.82971970145809e+00
   5.25858370487185e+00
   8.03681382149989e+00
   5.01410870363179e+00
   5.62609260636236e+00
   7.96951926476504e+00
   8.02551399864569e+00
   5.68154195063107e+00
   5.67651644753278e+00
   5.67400542612086e+00
   9.36752167166514e+00
   7.96929068517238e+00
   7.96297931798836e+00
   8.02717852540263e+00
   9.37034320069802e+00
   8.69099209968317e+00
   9.37138575122458e+00
   9.41152532064484e+00
   9.36681305722459e+00
   9.36697920243409e+00
   9.36458988253708e+00
   8.68186977479127e+00
   9.36882540038164e+00
   8.09408590671137e+00
   8.68315971490119e+00
   8.02657686856946e+00
   5.67254917288301e+00
   5.67217854210685e+00
   8.18389886468503e+00
   5.67278866727065e+00
   5.67306257973178e+00
   8.69058681371644e+00
   8.02726751280170e+00
   7.96313369109339e+00
   7.81448319416631e+00
   8.02595291290709e+00
   8.03759080307100e+00
   8.09163324388919e+00
   5.01797559382612e+00
   5.41450038481707e+00
   8.02561885577597e+00
   5.01506695464559e+00
   4.82991393125849e+00
   8.02675998643099e+00
   4.82639574454515e+00
   5.01416886417792e+00
   8.03810113799591e+00
   7.97528018960293e+00
   5.62294819800081e+00
   4.83268516895623e+00
   5.31118092439647e+00
   5.17758098905688e+00
   5.17778395385176e+00
   5.01129491535175e+00
   7.96897721027199e+00
   5.02353756982484e+00
   5.30440813610039e+00
   5.37218764706267e+00
   8.11996217467004e+00
   5.01301377946947e+00
   5.45319734134318e+00
   5.01955121196806e+00
   8.12028902079419e+00
   7.50124022154705e+00
   8.12005298841450e+00
   8.12117382229826e+00
   8.11989714970787e+00
   5.67850447252567e+00
   5.34399565315107e+00
   5.57243045861469e+00
   5.57533618590605e+00
   5.68696074541731e+00
   5.12355623671829e+00
   5.25631229819555e+00
   5.28261734579428e+00
   5.24959181406666e+00
   5.12822435819908e+00
   5.25035623253279e+00
   5.33910362085589e+00
   7.50239201280783e+00
   5.42458614946372e+00
   4.62294445639054e+00
   6.16995820378725e+00
   7.52504315487931e+00
   5.36189338719851e+00
   6.52218460894073e+00
   5.36199667739493e+00
   6.17010106656380e+00
   5.33797829883770e+00
   6.16932337514299e+00
   8.21281225219536e+00
   6.16975135367829e+00
   7.60466716722476e+00
   7.52489087606591e+00
   7.50575208342525e+00
   4.62652108626571e+00
   5.66826231413506e+00
   5.42619391568951e+00
   5.44030268357164e+00
   7.50371712835477e+00
   5.44123400314857e+00
   5.12683059613119e+00
   7.50328740388068e+00
   5.42732783575775e+00
   5.24343212980602e+00
   5.42845444060367e+00
   5.28261734579428e+00
   5.44173356529427e+00
   5.35124041603558e+00
   5.47351735489065e+00
   5.42783262315061e+00
   7.52448625980105e+00
   7.50327609139640e+00
   5.12613483648965e+00
   5.24036406972664e+00
   5.64142231252117e+00
   5.68807311780620e+00
   5.57532720731251e+00
   5.69328520995987e+00
   5.68699739346630e+00
   5.68014122329987e+00
   5.46041695005260e+00
   7.50325113211147e+00
   5.45863603914768e+00
   5.69213663378105e+00
   7.52132987046025e+00
   7.50072451638516e+00
   5.55759886200030e+00
   5.02002652135343e+00
   5.17850823289336e+00
   7.97179567077001e+00
   5.01227290145835e+00
   5.01596660026189e+00
   5.02619447026154e+00
   8.02707980518971e+00
   5.01205364059570e+00
   5.02042743682614e+00
   5.53066677191964e+00
   7.97054633399966e+00
   8.03824713994254e+00
   8.02561885567411e+00
   4.82967942632968e+00
   7.97061175643466e+00
   5.01356738994946e+00
   7.97032277734979e+00
   7.97500120274526e+00
   5.01752426419262e+00
   5.67295243356421e+00
   5.67335672833724e+00
   8.02613679631213e+00
   7.81542089747199e+00
   7.96068382468366e+00
   7.81558933775341e+00
   8.02630604564183e+00
   5.67163549952602e+00
   8.68271248869132e+00
   7.96490063873716e+00
   9.36415162269145e+00
   8.80848754211365e+00
   9.37600547036027e+00
   9.35536769080977e+00
   8.80426474785236e+00
   8.95552621461184e+00
   8.02758274379812e+00
   8.69252853849321e+00
   8.03936010657344e+00
   7.96871199199450e+00
   7.96784779434711e+00
   7.96919969367627e+00
   7.96158681112502e+00
   5.67670252888274e+00
   5.67142716846865e+00
   8.68164787565820e+00
   7.96314253455785e+00
   7.96499071300241e+00
   5.01534359993093e+00
   5.01589389795845e+00
   8.03849635047845e+00
   4.83492549835137e+00
   8.08984621294985e+00
   5.52888356595213e+00
   7.97574467288905e+00
   7.97272315458031e+00
   5.01235738738251e+00
   5.01920013055133e+00
   5.45140503161019e+00
   5.36792051255907e+00
   5.36686693316005e+00
   5.45416135267442e+00
   7.53464515872474e+00
   7.51919512279710e+00
   8.11954808407518e+00
   5.31273200872965e+00
   8.11830687565816e+00
   5.36757499853775e+00
   7.53688615449209e+00
   5.12469747201976e+00
   7.50089828266027e+00
   7.50262400055544e+00
   5.69189396621732e+00
   7.50481111732734e+00
   8.11966368453068e+00
   5.57600738036490e+00
   5.12314465824602e+00
   5.12479082968275e+00
   5.46718040738779e+00
   5.24404636249164e+00
   7.59020429878365e+00
   7.52127270372148e+00
   5.42473903903010e+00
   6.17037479636201e+00
   5.77318580101200e+00
   5.66955653011973e+00
   8.15032069061181e+00
   5.77238355389636e+00
   8.15741952096960e+00
   8.15808573088179e+00
   7.96263289887247e+00
   7.50147620094867e+00
   5.77526602716534e+00
   5.47054708247742e+00
   5.24555051036441e+00
   5.23971107193574e+00
   7.52325555145217e+00
   5.12168749573175e+00
   5.12889600113704e+00
   5.69189414545690e+00
   5.57655320988124e+00
   5.25481777849200e+00
   7.50240543795917e+00
   5.57659381931080e+00
   5.36595136070537e+00
   5.68894964373249e+00
   5.69255203878492e+00
   5.59367011633003e+00
   5.69313882230927e+00
   5.25657788262470e+00
   5.45032946930951e+00
   7.52939394072200e+00
   5.30616044302224e+00
   8.11856729484316e+00
   7.97251521502221e+00
   7.97240302597856e+00
   8.02596207492024e+00
   8.03792819743103e+00
   7.96674374305439e+00
   5.00880121924638e+00
   5.17634193066260e+00
   5.01062052945417e+00
   8.09271554300631e+00
   5.01738205467700e+00
   8.03821126531693e+00
   5.67994526770781e+00
   7.97044144969550e+00
   5.02147433118807e+00
   5.01813729011701e+00
   5.67766666655370e+00
   8.02675230195928e+00
   5.67211882698030e+00
   7.96826890161901e+00
   5.67129481391748e+00
   8.69053825723768e+00
   8.02733650424489e+00
   5.67154522221608e+00
   7.75076554539555e+00
   8.02673495952877e+00
   9.37503396216471e+00
   8.68369179861293e+00
   9.36499593217673e+00
   9.36704513853920e+00
   9.36621082628608e+00
   8.68332027703036e+00
   8.09491939649433e+00
   7.75173966649163e+00
   8.02643126035400e+00
   8.09466531760427e+00
   8.68260933977672e+00
   7.96916986867836e+00
   8.09427105581563e+00
   5.67069267316765e+00
   5.02033281747572e+00
   8.03920787302923e+00
   7.97037229475427e+00
   8.18180889837095e+00
   5.01241525896694e+00
   5.01657341487953e+00
   5.01602639754128e+00
   7.97149397368230e+00
   8.09056449797390e+00
   8.03836542740100e+00
   4.83510387619390e+00
   8.02750022130022e+00
   7.96968342897162e+00
   7.97420087869614e+00
   5.12314729992067e+00
   7.52779794111848e+00
   5.34545234788675e+00
   5.43101054619910e+00
   4.98773433750466e+00
   5.12974042231508e+00
   5.36378869252439e+00
   5.69314962585850e+00
   5.45184172742665e+00
   5.69233174580222e+00
   5.12552483245963e+00
   5.94124493586060e+00
   4.98987778768060e+00
   5.70187736572188e+00
   5.12226517750241e+00
   5.33496780461428e+00
   5.12476651501856e+00
   5.12621638888595e+00
   7.58996456089881e+00
   5.35971652842272e+00
   5.35782244925213e+00
   6.51424773715735e+00
   5.77602397202645e+00
   5.34042341958775e+00
   5.47379964575885e+00
   5.33126884701778e+00
   5.35720804781522e+00
   5.12771293909464e+00
   5.25076693242227e+00
   7.53383749581735e+00
   5.34406567503902e+00
   4.99116529024468e+00
   5.57575868748609e+00
   5.12708176962042e+00
   5.94243489661676e+00
   4.99023187719285e+00
   8.11875372812938e+00
   5.94263642126680e+00
   5.12285535394039e+00
   5.42937406153942e+00
   5.57279399001709e+00
   7.52592921280848e+00
   5.00549705571029e+00
   7.97132797101767e+00
   7.97408100899156e+00
   8.18193031459214e+00
   5.29329045501436e+00
   5.01261039232850e+00
   5.01002982566206e+00
   8.02758847517362e+00
   5.01367668900275e+00
   7.97111621052500e+00
   5.67198964796626e+00
   8.09375616772559e+00
   8.02666892008710e+00
   8.09254032487934e+00
   5.01714402222569e+00
   8.68113799821458e+00
   8.18240380538828e+00
   5.01867952206521e+00
   5.01595950448245e+00
   8.03839721275654e+00
   5.02117230668955e+00
   5.01803606246904e+00
   5.67025279405061e+00
   7.96219560173085e+00
   7.75100075444789e+00
   8.68145786631612e+00
   7.96605780907885e+00
   9.36550424760276e+00
   9.36672341693975e+00
   9.36626459372201e+00
   7.75521949270114e+00
   7.75496018649028e+00
   9.36064604181456e+00
   8.68077120099861e+00
   5.01576140106772e+00
   5.01858495016495e+00
   7.96071034803390e+00
   7.75909653368581e+00
   5.61623918598707e+00
   5.01811000572707e+00
   5.61604729653482e+00
   5.02105905309145e+00
   8.09427982893885e+00
   4.80617059400902e+00
   5.01501547073713e+00
   5.02230425048765e+00
   5.67083648936750e+00
   8.02724617302192e+00
   8.18259562710409e+00
   8.02664174186066e+00
   5.29446276854287e+00
   7.97073607138009e+00
   8.18291551817219e+00
   4.90884287513836e+00
   5.12382768818497e+00
   5.30885331001627e+00
   5.34441817365951e+00
   5.93848845513639e+00
   5.12210582343687e+00
   5.68153725850061e+00
   5.44548485630003e+00
   5.70265579912302e+00
   5.36054771023555e+00
   7.53788741282369e+00
   5.68204501040964e+00
   7.53659408444764e+00
   5.69011891122500e+00
   5.93812614593844e+00
   5.34314615957555e+00
   5.93623608928829e+00
   5.93526962010583e+00
   5.33754506068362e+00
   5.09183201775522e+00
   5.08978777799348e+00
   5.66815892301383e+00
   5.13017203364507e+00
   6.50374586951148e+00
   5.35717851500522e+00
   5.35793697964982e+00
   7.53617358140036e+00
   6.49547861861720e+00
   7.53211179581922e+00
   7.59030826445269e+00
   7.53164183358967e+00
   5.69537772556941e+00
   7.53434437481883e+00
   7.53398157215452e+00
   5.69618600094327e+00
   5.59343357976468e+00
   5.12312363740421e+00
   5.93823329218139e+00
   5.43139074328428e+00
   7.49956992431180e+00
   5.30577480407374e+00
   5.12358484725337e+00
   5.30466505403092e+00
   7.53448158563515e+00
   5.02376167671537e+00
   8.02677774440053e+00
   5.00677703097608e+00
   5.00957098183790e+00
   5.01297456241809e+00
   8.18258089704705e+00
   5.00963207698805e+00
   8.09169843562631e+00
   5.01521243458046e+00
   8.09182684594271e+00
   5.01715301601143e+00
   5.01710420791278e+00
   9.36618250606057e+00
   7.75848567608227e+00
   8.18341301517557e+00
   7.75154271214706e+00
   7.75657860833053e+00
   7.75518585869759e+00
   7.75533232261478e+00
   9.36510388677675e+00
   9.36286837995021e+00
   8.09573997277494e+00
   8.09266857574130e+00
   5.61836991215023e+00
   5.62155871687355e+00
   8.09266376942651e+00
   8.18366640354543e+00
   8.09458464359341e+00
   5.62007073485074e+00
   8.18340899705527e+00
   8.09438473376213e+00
   8.09424668592055e+00
   5.01122168751681e+00
   5.00645706346404e+00
   4.90904993805452e+00
   4.89301602554406e+00
   5.18198398582535e+00
   5.02111899888405e+00
   4.98617055819705e+00
   7.53968513201289e+00
   5.58879079892722e+00
   7.53911293705096e+00
   4.99039646729580e+00
   5.68752860165114e+00
   5.32798375268248e+00
   6.49919481144570e+00
   5.25607616234993e+00
   5.32827016681404e+00
   5.93357442808701e+00
   6.51466907884787e+00
   5.75973844498731e+00
   7.53837131595719e+00
   5.09266721777385e+00
   5.32999591475527e+00
   6.50088295329260e+00
   5.32720086364134e+00
   5.33338116150117e+00
   6.50865483369671e+00
   5.93242346100669e+00
   5.66959407601462e+00
   5.93233769392828e+00
   6.50497319964052e+00
   7.53909014151941e+00
   7.52563459476914e+00
   6.20459628845492e+00
   5.12313441104925e+00
   9.16082868525973e+00
   7.53282201272668e+00
   5.93697381220409e+00
   5.00439035741147e+00
   8.09255637715069e+00
   8.09458698332674e+00
   5.01087726101468e+00
   8.09432241355717e+00
   5.02500755438450e+00
   5.01099701118801e+00
   8.09501226008706e+00
   4.80697716173017e+00
   8.18401648820054e+00
   8.09183471622327e+00
   5.01363779466192e+00
   8.09476350275872e+00
   5.61547290009185e+00
   5.01590693435719e+00
   8.68033698544423e+00
   5.62076634374898e+00
   5.61064184848510e+00
   8.18375108428245e+00
   8.18383555277433e+00
   7.75656853803230e+00
   9.36067089070684e+00
   8.68972354732341e+00
   5.61455923168614e+00
   7.75191030463429e+00
   7.75182889481584e+00
   7.75085412940280e+00
   7.75372463258827e+00
   7.75201576617292e+00
   7.75476577233349e+00
   7.75655622602972e+00
   8.18396062711781e+00
   8.09431192938246e+00
   8.18591074643973e+00
   5.62659841641653e+00
   5.61536401558624e+00
   8.09575973930077e+00
   5.63051778552835e+00
   8.18426801730584e+00
   8.18373751234230e+00
   8.09224067291689e+00
   8.09427929352660e+00
   8.09231781601829e+00
   5.01094637581991e+00
   4.77277901123671e+00
   8.18439899979148e+00
   9.35499767993906e+00
   4.79384894369286e+00
   5.28963286698126e+00
   8.18582101819538e+00
   5.00783995993697e+00
   4.81619986689111e+00
   5.00677976889347e+00
   8.09408270276617e+00
   8.09362145284922e+00
   7.53905263119668e+00
   5.57737734205512e+00
   7.53187867560882e+00
   6.20023413331000e+00
   6.21316470871170e+00
   5.32668597858355e+00
   5.59186981715175e+00
   5.69341210889252e+00
   7.53935476112929e+00
   6.19933229641538e+00
   5.70755423703304e+00
   5.32575625201935e+00
   7.53879818872520e+00
   5.25285407265255e+00
   6.50414257993179e+00
   5.24710131597385e+00
   6.62829043270904e+00
   5.24587207868535e+00
   6.11816661648845e+00
   5.24640107341838e+00
   8.18976692102478e+00
   6.19943340148166e+00
   5.93147696639062e+00
   5.93109559756340e+00
   5.33480941978996e+00
   7.53812672605090e+00
   5.70352725399789e+00
   5.58029213710324e+00
   5.57065217004128e+00
   5.59469577027630e+00
   6.48307476205082e+00
   6.20396416716176e+00
   5.58880900796794e+00
   7.53540606774732e+00
   4.98694896500820e+00
   6.21136675893285e+00
   8.09306182666114e+00
   8.18416071525007e+00
   4.81945796625587e+00
   8.09385511101664e+00
   5.00831390995882e+00
   5.29188839645576e+00
   8.09573476410515e+00
   8.09214564457579e+00
   5.29155932871072e+00
   5.61789540143582e+00
   5.61929902790143e+00
   8.09387177748522e+00
   5.62219081723015e+00
   5.62596691530780e+00
   5.62625692112852e+00
   9.35780788323882e+00
   9.35863428010271e+00
   9.36310871832234e+00
   8.18635126662957e+00
   9.36186025681900e+00
   8.68007878931257e+00
   5.61560849801754e+00
   7.75036387516593e+00
   5.61552994686645e+00
   7.75426357397191e+00
   5.62087695822265e+00
   5.62070521738497e+00
   5.62430117750773e+00
   9.36856122377958e+00
   5.61513821466360e+00
   9.36148171685704e+00
   8.18402653570593e+00
   5.62958251304372e+00
   4.77270678293280e+00
   5.62657918885088e+00
   8.09286286826227e+00
   5.62212348932735e+00
   5.61741365053967e+00
   5.01864709270740e+00
   8.18394837879077e+00
   4.80080933255158e+00
   5.58369744406446e+00
   7.53857612072170e+00
   7.53446029240331e+00
   6.19690798568627e+00
   5.93086184687854e+00
   5.43334639256864e+00
   6.19414024332218e+00
   6.19912508554262e+00
   5.92979694816313e+00
   6.20356707834435e+00
   6.60420625340157e+00
   5.08708967546409e+00
   8.18942072965183e+00
   5.24609262903323e+00
   5.09041896116105e+00
   8.18917109756057e+00
   6.62656815299852e+00
   8.18883061790893e+00
   6.20000447280836e+00
   6.19757836053759e+00
   7.53923183092411e+00
   5.43176717975075e+00
   5.55482430721895e+00
   6.19673802947000e+00
   5.58540583691138e+00
   7.53446029240331e+00
   5.58111668183847e+00
   5.55418938180810e+00
   4.81673095157748e+00
   8.09286239815629e+00
   4.79371212490878e+00
   8.09527346261257e+00
   5.29323342335556e+00
   8.09538858756878e+00
   5.62696954027706e+00
   9.35762861475951e+00
   5.61463948554592e+00
   5.62648134973279e+00
   5.61967750808253e+00
   7.75084198346849e+00
   7.75263181834816e+00
   7.74860690029163e+00
   7.75087070847985e+00
   7.75407716781046e+00
   5.61451467170627e+00
   5.62013255546844e+00
   5.62121664165170e+00
   5.62361699469693e+00
   4.77302189942930e+00
   4.77687358379626e+00
   5.29100195716819e+00
   5.69265106881357e+00
   5.66274954250548e+00
   5.69820081636863e+00
   5.92897153938247e+00
   5.43370402575238e+00
   6.60684578879773e+00
   6.62929903046825e+00
   5.70864450287263e+00
   5.92804119467473e+00
   5.43276913944283e+00
   5.42947226537945e+00
   5.69792070446783e+00
   6.20220276972395e+00
   6.60071155595324e+00
   5.92735976751283e+00
   6.11697431415450e+00
   5.25290295309969e+00
   5.08913321851651e+00
   6.62715722678331e+00
   6.62626160092623e+00
   6.60227028156805e+00
   5.25212640219979e+00
   6.59903246830254e+00
   5.43305314555619e+00
   5.43120297373025e+00
   5.65183511631403e+00
   5.70271245659387e+00
   5.92880895215421e+00
   5.29021640992141e+00
   8.18610262783568e+00
   7.95875324406188e+00
   5.62442301330884e+00
   5.61468511928979e+00
   7.75480956852880e+00
   5.62080555272041e+00
   7.74767344446082e+00
   7.74825995570791e+00
   7.74994402634366e+00
   7.75099660346132e+00
   5.62363135227497e+00
   5.62708927980930e+00
   4.77649026706422e+00
   4.78000198922746e+00
   5.63008094789984e+00
   4.79492031378322e+00
   5.68436823356387e+00
   5.44778732701525e+00
   6.19892470478590e+00
   6.20281137567144e+00
   6.12077397128087e+00
   5.92633968593145e+00
   6.63091320893182e+00
   6.60247270366563e+00
   6.60195016853504e+00
   5.24380638923321e+00
   6.62521646136520e+00
   5.23954370876163e+00
   8.18790846267439e+00
   6.59864260233735e+00
   6.60305575147140e+00
   6.60424594076176e+00
   5.68129830536418e+00
   6.19659588782815e+00
   5.66167028693235e+00
   5.59193722178316e+00
   5.31917897892708e+00
   5.67685127769801e+00
   5.67818891269053e+00
   5.67800203240768e+00
   4.77731092097019e+00
   8.01708097095980e+00
   4.79108638263278e+00
   5.63144159403964e+00
   4.77120876479967e+00
   4.78940543074350e+00
   4.78804478489474e+00
   5.61840938561727e+00
   5.62309010315948e+00
   5.62151079175965e+00
   5.61766578971219e+00
   7.75040152328984e+00
   7.75013418765593e+00
   7.74820658310273e+00
   7.74771143519138e+00
   5.61305351425835e+00
   5.62398265175580e+00
   4.76597051464705e+00
   4.77097605523159e+00
   4.79578901361310e+00
   4.77607337716108e+00
   5.65992594229465e+00
   5.66312247704627e+00
   5.92469625781450e+00
   5.68728936083426e+00
   5.68144062597639e+00
   5.70387700661377e+00
   5.65204410215301e+00
   6.11912474170094e+00
   6.20180561764937e+00
   6.60461826476239e+00
   5.92345922948516e+00
   5.92260899384200e+00
   6.60370797283394e+00
   6.62566988336221e+00
   5.08676200402624e+00
   6.60232515779353e+00
   6.18357351787927e+00
   6.60337552615238e+00
   6.60026896616182e+00
   6.60169583479728e+00
   6.60004687898618e+00
   6.17939735234177e+00
   5.57328472273366e+00
   6.18195800959802e+00
   5.67336680229710e+00
   5.42932394646414e+00
   6.19914794324359e+00
   5.65344219000690e+00
   5.44315780549368e+00
   5.44376973591716e+00
   6.20232404868148e+00
   5.34214104977218e+00
   5.63130609731161e+00
   4.79344625680460e+00
   5.62779207851781e+00
   5.62332811046144e+00
   5.62366812061009e+00
   7.74839362940656e+00
   5.61641655058338e+00
   7.74903874072879e+00
   8.68006033067832e+00
   5.61848808465948e+00
   5.62919866285301e+00
   5.62090512124632e+00
   5.62226060908506e+00
   4.79056590484106e+00
   5.62958523135603e+00
   9.35670607227280e+00
   8.01613683497271e+00
   4.79538501055140e+00
   5.68092211589828e+00
   4.79245811284636e+00
   5.68402425166641e+00
   5.65835465502823e+00
   5.92277605758500e+00
   5.68422638115226e+00
   5.92224230470674e+00
   6.62866154076255e+00
   5.65348251916294e+00
   5.67709562118398e+00
   6.62960022141124e+00
   6.62679873314119e+00
   5.67280108706836e+00
   6.18153383043318e+00
   5.64474758437063e+00
   6.62601147958230e+00
   6.18122151614443e+00
   6.60258553928725e+00
   6.11899819433893e+00
   6.11672869664108e+00
   6.11950728144802e+00
   5.65687940728458e+00
   5.68742457023109e+00
   4.77186407360568e+00
   5.34235086914850e+00
   4.77618735751821e+00
   4.79160453771328e+00
   4.79059797188529e+00
   5.63593182607656e+00
   4.77271392618059e+00
   4.76958424035183e+00
   8.01579572487026e+00
   5.62444209927708e+00
   5.62148667592191e+00
   5.62288725121834e+00
   5.62387121950087e+00
   9.36237996158798e+00
   5.61416911307970e+00
   5.61748625721157e+00
   7.74610412882430e+00
   8.68020835326843e+00
   5.61342219702419e+00
   5.61495279548399e+00
   8.01405536931270e+00
   8.01582020023125e+00
   4.76925976478742e+00
   5.63556663001873e+00
   4.78928868032745e+00
   4.78782036189659e+00
   4.76905401065233e+00
   4.77350111954001e+00
   4.77686077856561e+00
   4.77199079041384e+00
   5.33463601046969e+00
   5.33173778619312e+00
   5.31549490555699e+00
   5.92025113944328e+00
   6.12120195722309e+00
   5.69423260650728e+00
   5.65505607605883e+00
   6.12128446053248e+00
   5.68371006778398e+00
   5.68258748947119e+00
   6.60098500666027e+00
   6.60363508188675e+00
   6.60335183453753e+00
   5.67784293831937e+00
   6.62645563446313e+00
   5.66075240150894e+00
   5.64780134838657e+00
   5.65753800335369e+00
   5.69019537623171e+00
   5.68430809217534e+00
   8.15363273844287e+00
   5.34053824763760e+00
   8.15142944541913e+00
   5.58535367545483e+00
   5.32827888913744e+00
   5.65758028292839e+00
   5.33041333945948e+00
   5.34851718409845e+00
   5.34897014009402e+00
   4.76791509317627e+00
   4.76801383665952e+00
   5.62188395275007e+00
   8.67981959033114e+00
   8.68043056326587e+00
   8.68085339499521e+00
   8.68800586490488e+00
   8.01410781000232e+00
   7.95668557064892e+00
   9.35945559431366e+00
   4.76805303339643e+00
   4.76685331252884e+00
   4.76876047507540e+00
   8.01598865770575e+00
   4.76749152721095e+00
   4.79107026822749e+00
   4.79515614054617e+00
   4.77768562839992e+00
   5.31234588992447e+00
   5.33727923098195e+00
   5.34488239687926e+00
   8.15078611568333e+00
   8.15300636149368e+00
   5.33590898561670e+00
   5.66766825563172e+00
   5.64751427536612e+00
   5.64583792465055e+00
   6.18009110703497e+00
   5.68102235170227e+00
   5.66268728013893e+00
   5.65887304437274e+00
   5.65331216651975e+00
   5.91883604165923e+00
   5.68240990131380e+00
   5.65428168195285e+00
   5.91907711108797e+00
   5.65523280988054e+00
   5.65641083840819e+00
   5.35996749314654e+00
   5.36161745428399e+00
   5.34046000876333e+00
   5.33200165239396e+00
   4.77257684869619e+00
   5.34994242286120e+00
   4.79269854597078e+00
   4.77100719939335e+00
   8.01548144586741e+00
   5.62889458478821e+00
   5.63466888986659e+00
   4.78428477169655e+00
   9.36759758186258e+00
   5.63034449263796e+00
   9.35947865706862e+00
   8.67904319206627e+00
   8.67960204120300e+00
   9.39249021751357e+00
   9.37661378817074e+00
   8.68951583133912e+00
   9.37514552492803e+00
   5.63055613535107e+00
   4.78668380671297e+00
   4.76751688419245e+00
   4.77416357955008e+00
   4.77319388875549e+00
   4.79356508225828e+00
   5.35889539473283e+00
   8.15019457744438e+00
   5.32203859060246e+00
   5.35090128814409e+00
   5.66092484070032e+00
   5.68933457233288e+00
   5.37330703022235e+00
   6.11908225227671e+00
   5.68622479647092e+00
   8.22755963614782e+00
   5.68337409534070e+00
   5.65108337324273e+00
   5.66324477740636e+00
   5.65179968722441e+00
   5.68451523799740e+00
   5.68812759936918e+00
   8.15039574854836e+00
   5.34400433156043e+00
   5.65955568248683e+00
   4.77336993723293e+00
   5.35511196474909e+00
   5.32833935470990e+00
   8.01701050885640e+00
   4.77001987159383e+00
   8.01478933975341e+00
   4.78280872551477e+00
   4.78196978241613e+00
   5.61852877434285e+00
   9.37501230455996e+00
   7.74425111315031e+00
   5.62004461401375e+00
   9.36438065235075e+00
   9.36321362860372e+00
   5.62874818292403e+00
   4.78496003080363e+00
   4.76570080878446e+00
   7.95681058150694e+00
   8.01607762380809e+00
   8.01531491701462e+00
   7.95596096784720e+00
   4.77209050646343e+00
   4.78936536298716e+00
   4.77623418443545e+00
   4.77520570461274e+00
   4.77094858965938e+00
   5.33550315314278e+00
   5.31235282414491e+00
   5.35371528752876e+00
   5.34716227322497e+00
   7.42996839267653e+00
   5.33501319308198e+00
   5.69278969973311e+00
   5.36273400102800e+00
   8.22554644227603e+00
   5.65335525272531e+00
   5.65380672584433e+00
   5.65257199448024e+00
   5.68467688413511e+00
   5.66440139404222e+00
   5.65968823816729e+00
   5.69402525209443e+00
   5.66019499509639e+00
   5.34989116067300e+00
   5.33368433481883e+00
   5.31818286611815e+00
   5.36250043535983e+00
   7.43089184064775e+00
   4.79110072372350e+00
   4.78920313586423e+00
   4.77018468846290e+00
   4.78816946263032e+00
   8.01432566647600e+00
   4.76519473291773e+00
   4.76677881528303e+00
   4.78548551010317e+00
   4.76870284439065e+00
   4.76570080878446e+00
   5.63209494140756e+00
   9.36005127771728e+00
   5.62782928108209e+00
   5.62113161979869e+00
   7.95504906873612e+00
   8.67979243786795e+00
   8.68064785235492e+00
   9.39370808412900e+00
   7.95629357507642e+00
   9.36325130520868e+00
   5.62271771098312e+00
   5.62234599899966e+00
   4.78269400235513e+00
   4.78278020819926e+00
   4.78369963121077e+00
   4.76587825493698e+00
   4.76326803914708e+00
   7.95556378915899e+00
   4.78540202357544e+00
   4.78950459525004e+00
   4.77177656427375e+00
   5.36203408266374e+00
   5.35980462144289e+00
   5.34003236893841e+00
   5.33716767169244e+00
   5.34333101935408e+00
   5.35974005161552e+00
   5.34152460446057e+00
   8.15039337396138e+00
   8.15228088251024e+00
   5.65606017958271e+00
   5.65665991037531e+00
   5.66185791203679e+00
   5.68681736227154e+00
   5.69469903735080e+00
   5.36440116392623e+00
   5.69011117267291e+00
   5.32548648466764e+00
   5.33257562468498e+00
   5.34983881300650e+00
   5.31359870445885e+00
   5.35187470219898e+00
   5.34604194158601e+00
   5.34578314718965e+00
   7.42966242895454e+00
   5.34934070006784e+00
   4.77217529230256e+00
   4.76466263913244e+00
   8.01533188514804e+00
   4.76689599094971e+00
   8.01397421364891e+00
   4.76119138355352e+00
   8.01448348193298e+00
   5.62841428246611e+00
   8.01379037386869e+00
   5.61723381317279e+00
   9.36573630420230e+00
   9.39206188396952e+00
   1.18487676975798e+01
   1.17974731113029e+01
   1.08154696975404e+01
   9.37829268199221e+00
   9.36487577407843e+00
   9.36445436751774e+00
   9.37340742951119e+00
   9.36352948203876e+00
   4.76429008621199e+00
   4.78305960903526e+00
   4.76385320655390e+00
   8.01570099754645e+00
   4.76739031181933e+00
   8.01650519451869e+00
   8.01635227178485e+00
   8.01578796207468e+00
   7.42810860516875e+00
   5.33850479579633e+00
   5.33584956012783e+00
   5.35476749180452e+00
   5.35052497074867e+00
   5.34122809659311e+00
   5.31584926294454e+00
   5.30379394110059e+00
   5.33406252088025e+00
   5.37806158531384e+00
   5.34118165328982e+00
   5.35527405641551e+00
   8.22586970195880e+00
   5.36250115134317e+00
   5.65777703696222e+00
   8.15249414882601e+00
   8.15282605710127e+00
   5.65840705857772e+00
   5.69025957797930e+00
   5.68952439519853e+00
   5.33759312828988e+00
   5.33276398466478e+00
   5.32514587953847e+00
   5.31754956135774e+00
   5.33945707743987e+00
   4.76844101404276e+00
   4.78526700644215e+00
   4.76428373659655e+00
   4.76622445648900e+00
   9.37248827831718e+00
   9.36529384083269e+00
   4.76005891360182e+00
   6.86829491679858e+00
   1.09583513150214e+01
   9.98836415204011e+00
   9.36700509222464e+00
   4.75831533552991e+00
   9.36307327934423e+00
   9.37352356581550e+00
   4.76432514738553e+00
   8.01593380281702e+00
   4.76676320161278e+00
   4.76947504808049e+00
   7.95604817457388e+00
   5.33461452853953e+00
   5.34917103336920e+00
   5.35793752481186e+00
   5.31818363792991e+00
   5.33809380323146e+00
   5.65975617837830e+00
   4.59519496876965e+00
   5.35185340745375e+00
   5.30804403934235e+00
   5.33769866462171e+00
   5.32280399781666e+00
   5.31782483842835e+00
   4.76601673047480e+00
   7.95636143171396e+00
   8.01497095791819e+00
   4.78257377856062e+00
   8.01542062885346e+00
   8.01426631005415e+00
   4.75729309509188e+00
   1.04205740222891e+01
   9.36697340928504e+00
   4.78088483912506e+00
   4.78672757286768e+00
   5.32369617937002e+00
   5.34933756275495e+00
   5.36270679910740e+00
   5.33885667817958e+00
   5.35495050697500e+00
   5.30630128003395e+00
   5.33690249221036e+00
   5.32374264058308e+00
   5.33454563302075e+00
   5.36984507600573e+00
   5.34209380981338e+00
   7.43012349252604e+00
   5.33855511641741e+00
   4.76846412025407e+00
   4.76306009788095e+00
   4.76086522082187e+00
   4.75826525560115e+00
   7.95630281088415e+00
   9.36714697501407e+00
   1.03390337078742e+01
   1.03133199506302e+01
   1.12589612881780e+01
   1.11713308190679e+01
   7.95510607941833e+00
   8.01363503292669e+00
   8.01539978911751e+00
   8.01618195764604e+00
   8.01385448478140e+00
   8.01593555000363e+00
   4.76466629717470e+00
   4.76535647819401e+00
   5.33310436309330e+00
   5.31619732679246e+00
   4.59161129536369e+00
   5.31283902142604e+00
   4.58800765731939e+00
   5.33941690994470e+00
   5.31812494240876e+00
   5.34481224214323e+00
   5.31724698833932e+00
   5.34609664415984e+00
   5.32997102064837e+00
   5.36082225002610e+00
   5.34702158331493e+00
   5.35450697324995e+00
   4.76908771544913e+00
   8.01697523243274e+00
   8.01301372597482e+00
   4.78414751086893e+00
   4.76349244979428e+00
   8.01593735193273e+00
   7.95464161502605e+00
   8.01232773694755e+00
   8.01598125511191e+00
   4.91961449097289e+00
   7.95339960058118e+00
   7.95661578833278e+00
   7.95476578368834e+00
   7.95652093585704e+00
   1.03203586578024e+01
   9.36684086580590e+00
   4.91943024461943e+00
   7.95663018714185e+00
   8.01382415091393e+00
   7.95587368680935e+00
   4.76575645223784e+00
   7.95569997160601e+00
   8.01583330517860e+00
   8.01456285240420e+00
   7.42861698429988e+00
   5.34966262672242e+00
   8.01600760970723e+00
   4.76494865791756e+00
   5.31045933487621e+00
   4.58533021367839e+00
   5.34108745798221e+00
   5.34265293806311e+00
   4.57720782890101e+00
   4.58426655121730e+00
   5.33975945911516e+00
   5.32302227086620e+00
   5.32018666526710e+00
   5.33537165091548e+00
   5.33164238924655e+00
   5.35584778756674e+00
   4.76814300170008e+00
   5.33854798068933e+00
   8.01551395756906e+00
   7.95644417546464e+00
   4.76310816156911e+00
   8.01280465029959e+00
   4.76635837994399e+00
   8.01237527655758e+00
   4.76357047534111e+00
   8.01360891276818e+00
   9.36736836429418e+00
   7.95487672897798e+00
   4.91884958263108e+00
   4.91822558557033e+00
   7.95550899104092e+00
   7.95551222120048e+00
   4.57644486771096e+00
   4.76630993888830e+00
   4.58398766175378e+00
   4.58242671349944e+00
   4.58733844172093e+00
   4.58624157845770e+00
   4.58453635952173e+00
   4.57110254370127e+00
   4.57951992365997e+00
   4.58926482509560e+00
   4.58747526370280e+00
   7.62034025132562e+00
   4.58400699335471e+00
   4.57912139094333e+00
   5.34888483682153e+00
   4.57861250983115e+00
   5.36032310949304e+00
   4.76650501658878e+00
   7.95560029646003e+00
   4.76634352758992e+00
   4.76249118411579e+00
   8.01629588536889e+00
   4.76512143782747e+00
   4.76362918199084e+00
   8.01680044297245e+00
   8.01432758743067e+00
   1.04938021446654e+01
   1.03264129701962e+01
   1.03348514526022e+01
   9.16835604616836e+00
   9.36705677963892e+00
   9.16797197096366e+00
   8.01150291032900e+00
   4.76400578621906e+00
   8.01511687651873e+00
   4.57453453076960e+00
   4.58488145658703e+00
   4.57565331859587e+00
   4.57938067569557e+00
   4.58563942169349e+00
   7.62003383084448e+00
   4.57528011235627e+00
   7.61857483143467e+00
   4.58106442472126e+00
   4.57858939100333e+00
   4.57981579682382e+00
   4.58125098094388e+00
   4.57584738947116e+00
   4.58399852880029e+00
   5.31248740332012e+00
   8.01521732014771e+00
   9.15758273443453e+00
   7.95709676834304e+00
   7.95694989766162e+00
   1.03136670493671e+01
   1.12446880807637e+01
   9.16683329988291e+00
   8.46572242695436e+00
   9.16864404296211e+00
   7.95686764963102e+00
   9.15762295510649e+00
   8.01551164568446e+00
   4.57300433435739e+00
   4.58104063395149e+00
   4.58261053201932e+00
   4.57713783633153e+00
   4.57774436113323e+00
   4.58709900247777e+00
   4.57751528927838e+00
   4.58190227478190e+00
   4.58247458866390e+00
   7.61991507048515e+00
   4.57937501701235e+00
   4.57314404505451e+00
   4.57562416153814e+00
   4.57380219992774e+00
   8.01634609802386e+00
   8.01526812499833e+00
   8.01316619045610e+00
   8.01539229681293e+00
   1.03481201142694e+01
   1.03043352144743e+01
   1.08273260937569e+01
   1.03224583206532e+01
   9.16635684562971e+00
   9.16383565221076e+00
   9.16712491951557e+00
   4.91760128530586e+00
   4.91722972181378e+00
   9.15719865366191e+00
   9.15647525511486e+00
   4.91599242475058e+00
   9.15752118984619e+00
   9.15670786253304e+00
   4.90648874721592e+00
   4.56886465457137e+00
   4.56743214846574e+00
   4.57806951179373e+00
   7.52139013022133e+00
   7.61779406796086e+00
   7.62015265719856e+00
   4.57919476627285e+00
   7.61817946224801e+00
   4.58057557438588e+00
   7.62064383742654e+00
   4.57465835669063e+00
   4.57826004859453e+00
   7.52138984925659e+00
   9.14837916799479e+00
   4.91405185921394e+00
   4.90779110709627e+00
   4.91033569552383e+00
   4.91266122279922e+00
   8.01562728856334e+00
   9.15184997965252e+00
   4.91357585187143e+00
   9.16075578336859e+00
   9.16224432561557e+00
   9.16785345967537e+00
   9.16940619727166e+00
   9.16970472916455e+00
   9.16533914330012e+00
   1.08927845113300e+01
   1.11471503272089e+01
   1.03232777012779e+01
   9.91057839286364e+00
   9.16620600357146e+00
   9.16605469631895e+00
   9.16434149470297e+00
   9.15942421481213e+00
   9.15979770420063e+00
   4.91711518903321e+00
   9.15990913119140e+00
   9.15697553071959e+00
   9.15697958815690e+00
   4.91115311999602e+00
   9.14971250277949e+00
   9.15509412744768e+00
   9.14665650454072e+00
   7.52073291071611e+00
   4.57939864568107e+00
   4.57208364919643e+00
   4.57026928444247e+00
   4.57637386864735e+00
   4.57043388674356e+00
   4.57191295263328e+00
   7.61774533776952e+00
   4.57665722264937e+00
   7.52218533828091e+00
   4.57851323271461e+00
   4.91278236222934e+00
   4.91158364210787e+00
   9.15676020054889e+00
   9.15545518667386e+00
   9.16434153373439e+00
   9.16728581435245e+00
   1.01785953949424e+01
   1.10539904851327e+01
   1.08025518268845e+01
   1.03140767396794e+01
   9.16785200537424e+00
   9.15823189186221e+00
   9.16247644598116e+00
   9.15855344762167e+00
   9.15996616326265e+00
   9.16217167576815e+00
   9.15644028735096e+00
   4.91545636104638e+00
   9.15423801807265e+00
   9.15601284063723e+00
   9.15246567174518e+00
   4.91293283410414e+00
   4.90945067026405e+00
   9.14404494597193e+00
   4.57229793785518e+00
   4.57417951121533e+00
   4.57265158981681e+00
   4.57054742227410e+00
   4.57148180636432e+00
   4.57185211443721e+00
   4.57147747117051e+00
   4.57265539688888e+00
   4.58060566381755e+00
   4.58223746571457e+00
   7.61941417272283e+00
   4.56996585911838e+00
   4.57419561425922e+00
   4.57488948660102e+00
   4.57150618535161e+00
   9.13679139180522e+00
   4.57475539480220e+00
   4.56884484836337e+00
   4.57048342988128e+00
   4.91174645951469e+00
   9.15246566533369e+00
   9.15760297821180e+00
   9.16164068228818e+00
   9.16393384272851e+00
   1.10656660117159e+01
   1.04653368794854e+01
   1.05278461911151e+01
   8.46988427596952e+00
   9.16620144368653e+00
   9.15457908440476e+00
   9.15573563357475e+00
   4.91264894225969e+00
   4.90954762337788e+00
   4.90693649675814e+00
   4.57225068039406e+00
   4.56983242797287e+00
   4.57603157645644e+00
   4.57527483459853e+00
   9.13959078040034e+00
   4.57099361618384e+00
   4.57295253140182e+00
   4.57378998101922e+00
   7.61778008096371e+00
   7.61791608353451e+00
   4.57245712423901e+00
   4.57024875350908e+00
   7.52034951329006e+00
   9.13526945095964e+00
   9.15343137080754e+00
   9.15561126191687e+00
   9.15052499473404e+00
   9.15638708039432e+00
   9.15745736694771e+00
   9.16419376247359e+00
   9.95561152027693e+00
   1.09245958606624e+01
   1.05977354198110e+01
   9.98519864509021e+00
   1.07531224675857e+01
   8.71973023345498e+00
   9.16742546689829e+00
   9.15696630030743e+00
   9.15813410759938e+00
   9.16018639577305e+00
   7.52175847309809e+00
   4.56825192354154e+00
   7.52181386102347e+00
   7.52380805021676e+00
   4.57697421362172e+00
   7.61969417528599e+00
   4.57334525071929e+00
   7.61878367959980e+00
   7.61833247614777e+00
   4.57201755085771e+00
   4.56908202268824e+00
   4.57080110695460e+00
   4.90848173229824e+00
   4.91025198381612e+00
   9.15382433778859e+00
   4.91223102167714e+00
   9.15264664447568e+00
   9.15610206312613e+00
   1.02489298932806e+01
   1.12446932152496e+01
   1.02780245050690e+01
   8.90724184334204e+00
   7.55080621569448e+00
   9.14727742734749e+00
   4.90969066688194e+00
   9.14419756676034e+00
   9.13862263873762e+00
   7.61899381858711e+00
   7.61732005508020e+00
   7.61629645460198e+00
   4.57027529930929e+00
   7.61825939941082e+00
   4.57340859698888e+00
   7.52423622651986e+00
   7.62005016642252e+00
   7.61839650478396e+00
   7.61734393741790e+00
   7.61994009625414e+00
   4.57607065541015e+00
   9.14279982614107e+00
   4.57034703321915e+00
   4.56942924805844e+00
   4.57290983295388e+00
   9.14313404384575e+00
   9.13440850388633e+00
   4.90766227803397e+00
   9.14722032466398e+00
   9.15268633480991e+00
   9.15770954315212e+00
   8.45367109052771e+00
   8.25667158600496e+00
   7.84247727666894e+00
   7.58433100292154e+00
   1.00299979267161e+01
   9.26156882615308e+00
   8.65528226150258e+00
   8.03310629430229e+00
   9.16501970572062e+00
   8.28531519952378e+00
   9.15383151395235e+00
   9.15805695265999e+00
   9.15369201239537e+00
   9.15299104895394e+00
   9.14692541010618e+00
   9.14761007287461e+00
   9.14486153742791e+00
   4.56868568151549e+00
   7.61627158586816e+00
   4.57042370341878e+00
   4.57123337416851e+00
   4.57177813229282e+00
   7.52243147340414e+00
   7.52504058697195e+00
   4.57223194083053e+00
   4.57284105503277e+00
   4.56832764435603e+00
   9.13752711557845e+00
   9.14382003482342e+00
   9.15654282498144e+00
   9.15677106281601e+00
   9.15314792836853e+00
   7.38182646829827e+00
   9.09986309740663e+00
   9.65062994588317e+00
   5.28355057291895e+00
   5.32151054076735e+00
   9.15315541190421e+00
   9.15354831594595e+00
   9.14176363464549e+00
   4.56696078448294e+00
   4.57184547500583e+00
   4.57108907250222e+00
   4.57066260442662e+00
   7.62039822073712e+00
   7.61862933419616e+00
   4.57303104043240e+00
   7.52418317561569e+00
   4.57184547500583e+00
   7.61752434346090e+00
   7.61868583869727e+00
   7.61797639596080e+00
   9.14499261964920e+00
   9.15274852535367e+00
   9.89382600656927e+00
   7.45093913613491e+00
   5.61539090201816e+00
   9.15733201796684e+00
   9.15065227538707e+00
   4.90914100519149e+00
   9.14812511313721e+00
   4.90798999328399e+00
   4.56587898824728e+00
   4.56769321563115e+00
   7.52316771618644e+00
   7.61775377495178e+00
   4.57090151978628e+00
   7.62041885923463e+00
   7.52461601703362e+00
   7.52383590947829e+00
   4.57014091987367e+00
   7.61666329002219e+00
   4.56823758915198e+00
   7.61806800614431e+00
   9.14764012382011e+00
   9.15212043866632e+00
   7.46954157345183e+00
   8.82307109340840e+00
   7.88734919545723e+00
   3.97072320249526e+00
   9.14464893669265e+00
   9.14821630943061e+00
   9.72461576656059e-01
   7.61965288471765e+00
   7.61816468421603e+00
   4.56827760210217e+00
   9.14370397151561e+00
   7.22803866626043e+00
   9.43143401707027e+00
   1.63905802320630e+00
   9.14592618717597e+00
   7.52355349502068e+00
   9.14964245672900e+00
   7.61648291981510e+00
   9.14993557165417e+00
   4.56734577120733e+00
   7.61921083212474e+00
   7.52468933792807e+00
   7.52330714908749e+00
   4.56931075616740e+00
   7.61814001670245e+00
   7.52468933792807e+00
   7.61704767589072e+00
   9.14917056293552e+00
   9.14987326116261e+00
   9.14576932129967e+00
   9.14338181070070e+00
   7.52239353798905e+00
   7.52274226322152e+00
   7.52475342113939e+00
   7.61774941138174e+00
   7.61744210227334e+00
   7.52301647194327e+00
   7.61865780750122e+00
   7.52293943274162e+00
   7.61711011746957e+00
   7.52400241580472e+00
   5.15746164450292e-01
   9.14987325475249e+00
   2.85398310971385e+00
   1.43574919167739e+00
   9.14357102670147e+00
   9.34089649333464e+00
   7.52354449239101e+00
   7.52554719060390e+00
   7.61842678109133e+00
   9.34200390077740e+00
   9.33849546976398e+00
   7.52282719843242e+00
   9.14564036136790e+00
   7.52466914760225e+00
   9.14367531642074e+00
   9.14967391552727e+00
   1.36723751923952e+00
   2.35539417159910e+00
   3.21582421613240e+00
   2.44103970493708e+00
   2.82888531747321e+00
   9.34438046176660e+00
   9.34263791413923e+00
   9.34373104785004e+00
   7.62031738236328e+00
   9.35172805052571e+00
   9.35054291926258e+00
   9.35440016576740e+00
   9.35013574202617e+00
   1.42635671797811e+00
   2.20935655503655e+00
   9.35124560473650e+00
   9.35006726729875e+00
   9.35206108383591e+00
   9.35018545672301e+00
   9.35285263767628e+00
   2.66267446097777e+00
   3.92854990775342e+00
   3.01689484017842e+00
   3.94158248481654e+00
   9.35857421430956e+00
   9.35823389740153e+00
