   2.16220763137338e+00
   1.94461679771607e+00
   1.79745238106558e+00
   1.69859714003765e+00
   1.63162064868839e+00
   1.58489105829189e+00
   1.55043537543437e+00
   1.52293407640512e+00
   1.49893299577662e+00
   1.47626177538728e+00
   1.45361908798726e+00
   1.43028271837010e+00
   1.40590946993933e+00
   1.38039828865147e+00
   1.35379734137189e+00
   1.32624145674626e+00
   1.29791046804412e+00
   1.26900191620405e+00
   1.23971359976753e+00
   1.21023285655075e+00
   1.18073042266500e+00
   1.15135737498032e+00
   1.12224411854414e+00
   1.09350069603441e+00
   1.06521791636260e+00
   1.03746895403081e+00
   1.01031118004301e+00
   9.83788062773337e-01
   9.57931032512637e-01
   9.32761242831500e-01
   9.08291189839235e-01
   8.84526170009452e-01
   8.61465570722072e-01
   8.39103996675618e-01
   8.17432241062426e-01
   7.96438113778870e-01
   7.76107140643248e-01
   7.56423148126744e-01
   7.37368747849906e-01
   7.18925734340657e-01
   7.01075408495955e-01
   6.83798837984646e-01
   6.67077064576470e-01
   6.50891267150174e-01
   6.35222887966389e-01
   6.20053728714239e-01
   6.05366021867650e-01
   5.91142482022246e-01
   5.77366341124830e-01
   5.64021370849156e-01
   5.51091894806318e-01
   5.38562792796657e-01
   5.26419498903428e-01
   5.14647994887490e-01
   5.03234800058158e-01
   4.92166958560465e-01
   4.81432024825755e-01
   4.71018047774628e-01
   4.60913554233034e-01
   4.51107531918723e-01
   4.41589412272196e-01
   4.32349053340031e-01
   4.23376722866000e-01
   4.14663081704013e-01
   4.06199167634702e-01
   3.97976379642332e-01
   3.89986462689491e-01
   3.82221493012256e-01
   3.74673863947399e-01
   3.67336272294920e-01
   3.60201705212992e-01
   3.53263427637993e-01
   3.46514970219098e-01
   3.39950117754687e-01
   3.33562898116372e-01
   3.27347571645476e-01
   3.21298621006300e-01
   3.15410741480254e-01
   3.09678831684882e-01
   3.04097984701966e-01
   2.98663479599067e-01
   2.93370773329205e-01
   2.88215492993671e-01
   2.83193428453376e-01
   2.78300525274516e-01
   2.73532877994713e-01
   2.68886723696265e-01
   2.64358435873464e-01
   2.59944518581424e-01
   2.55641600854223e-01
   2.51446431380599e-01
   2.47355873425808e-01
   2.43366899988705e-01
   2.39476589183418e-01
   2.35682119835482e-01
   2.31980767282554e-01
   2.28369899370333e-01
   2.24846972634583e-01
   2.21409528660553e-01
   2.18055190611470e-01
   2.14781659918060e-01
   2.11586713121471e-01
   2.08468198862227e-01
   2.05424035008210e-01
   2.02452205914974e-01
   1.99550759811955e-01
   1.96717806308498e-01
   1.93951514013842e-01
   1.91250108265526e-01
   1.88611868960889e-01
   1.86035128486657e-01
   1.83518269741776e-01
   1.81059724248950e-01
   1.78657970350508e-01
   1.76311531484502e-01
   1.74018974537062e-01
   1.71778908267326e-01
   1.69589981801334e-01
   1.67450883191578e-01
   1.65360338038969e-01
   1.63317108174192e-01
   1.61319990395565e-01
   1.59367815260670e-01
   1.57459445929137e-01
   1.55593777054146e-01
   1.53769733720275e-01
   1.51986270425489e-01
   1.50242370105164e-01
   1.48537043196128e-01
   1.46869326738857e-01
   1.45238283515974e-01
   1.43643001225395e-01
   1.42082591686453e-01
   1.40556190077504e-01
   1.39062954203517e-01
   1.37602063792280e-01
   1.36172719817907e-01
   1.34774143850390e-01
   1.33405577430008e-01
   1.32066281465472e-01
   1.30755535654732e-01
   1.29472637927428e-01
   1.28216903908031e-01
   1.26987666398736e-01
   1.25784274881248e-01
   1.24606095036648e-01
   1.23452508282509e-01
   1.22322911326558e-01
   1.21216715736146e-01
   1.20133347522863e-01
   1.19072246741631e-01
   1.18032867103701e-01
   1.17014675602931e-01
   1.16017152154813e-01
   1.15039789247719e-01
   1.14082091605863e-01
   1.13143575863482e-01
   1.12223770249808e-01
   1.11322214284386e-01
   1.10438458482300e-01
   1.09572064068965e-01
   1.08722602704044e-01
   1.07889656214194e-01
   1.07072816334248e-01
   1.06271684456530e-01
   1.05485871388000e-01
   1.04714997114912e-01
   1.03958690574703e-01
   1.03216589434862e-01
   1.02488339878496e-01
   1.01773596396357e-01
   1.01072021585086e-01
   1.00383285951467e-01
   9.97070677224459e-02
   9.90430526607300e-02
   9.83909338857552e-02
   9.77504116998446e-02
   9.71211934193655e-02
   9.65029932107143e-02
   9.58955319309648e-02
   9.52985369730191e-02
   9.47117421151035e-02
   9.41348873744704e-02
   9.35677188651522e-02
   9.30099886596517e-02
   9.24614546544139e-02
   9.19218804389795e-02
   9.13910351686711e-02
   9.08686934407339e-02
   9.03546351737767e-02
   8.98486454904464e-02
   8.93505146031994e-02
   8.88600377030936e-02
   8.83770148514994e-02
   8.79012508746278e-02
   8.74325552607979e-02
   8.69707420603573e-02
   8.65156297881620e-02
   8.60670413285498e-02
   8.56248038427195e-02
   8.51887486784421e-02
   8.47587112820428e-02
   8.43345311125635e-02
   8.39160515580581e-02
   8.35031198539421e-02
   8.30955870033371e-02
   8.26933076993521e-02
   8.22961402492290e-02
   8.19039465003169e-02
   8.15165917677914e-02
   8.11339447640834e-02
   8.07558775299633e-02
   8.03822653672135e-02
   8.00129867728619e-02
   7.96479233749046e-02
   7.92869598694855e-02
   7.89299839594851e-02
   7.85768862944626e-02
   7.82275604119234e-02
   7.78819026798543e-02
   7.75398122404962e-02
   7.72011909553094e-02
   7.68659433510880e-02
   7.65339765671927e-02
   7.62052003038612e-02
   7.58795267715592e-02
   7.55568706413340e-02
   7.52371489961451e-02
   7.49202812831280e-02
   7.46061892667651e-02
   7.42947969829286e-02
   7.39860306937694e-02
   7.36798188434150e-02
   7.33760920144496e-02
   7.30747828851541e-02
   7.27758261874716e-02
   7.24791586656724e-02
   7.21847190356970e-02
   7.18924479451485e-02
   7.16022879339105e-02
   7.13141833953728e-02
   7.10280805382312e-02
   7.07439273488505e-02
   7.04616735541669e-02
   7.01812705851069e-02
   6.99026715405079e-02
   6.96258311515159e-02
   6.93507057464527e-02
   6.90772532161294e-02
   6.88054329795830e-02
   6.85352059502422e-02
   6.82665345024877e-02
   6.79993824386035e-02
   6.77337149561025e-02
   6.74694986154234e-02
   6.72067013079753e-02
   6.69452922245268e-02
   6.66852418239348e-02
   6.64265218021943e-02
   6.61691050618087e-02
   6.59129656814727e-02
   6.56580788860615e-02
   6.54044210169155e-02
   6.51519695024264e-02
   6.49007028289118e-02
   6.46506005117796e-02
   6.44016430669775e-02
   6.41538119827260e-02
   6.39070896915383e-02
   6.36614595425188e-02
   6.34169057739456e-02
   6.31734134861366e-02
   6.29309686146011e-02
   6.26895579034764e-02
   6.24491688792547e-02
   6.22097898248009e-02
   6.19714097536655e-02
   6.17340183846970e-02
   6.14976061169553e-02
   6.12621640049359e-02
   6.10276837341029e-02
   6.07941575967406e-02
   6.05615784681280e-02
   6.03299397830433e-02
   6.00992355125982e-02
   5.98694601414174e-02
   5.96406086451620e-02
   5.94126764684041e-02
   5.91856595028642e-02
   5.89595540660086e-02
   5.87343568800249e-02
   5.85100650511676e-02
   5.82866760494933e-02
   5.80641876889846e-02
   5.78425981080671e-02
   5.76219057505317e-02
   5.74021093468619e-02
   5.71832078959737e-02
   5.69652006473746e-02
   5.67480870837426e-02
   5.65318669039326e-02
   5.63165400064163e-02
   5.61021064731522e-02
   5.58885665538965e-02
   5.56759206509551e-02
   5.54641693043781e-02
   5.52533131776007e-02
   5.50433530435301e-02
   5.48342897710832e-02
   5.46261243121742e-02
   5.44188576891468e-02
   5.42124909826634e-02
   5.40070253200393e-02
   5.38024618640225e-02
   5.35988018020262e-02
   5.33960463358001e-02
   5.31941966715449e-02
   5.29932540104666e-02
   5.27932195397647e-02
   5.25940944240514e-02
   5.23958797971965e-02
   5.21985767546004e-02
   5.20021863458738e-02
   5.18067095679348e-02
   5.16121473585117e-02
   5.14185005900374e-02
   5.12257700639429e-02
   5.10339565053316e-02
   5.08430605580268e-02
   5.06530827799952e-02
   5.04640236391267e-02
   5.02758835093647e-02
   5.00886626671855e-02
   4.99023612884072e-02
   4.97169794453280e-02
   4.95325171041771e-02
   4.93489741228754e-02
   4.91663502490931e-02
   4.89846451185935e-02
   4.88038582538547e-02
   4.86239890629603e-02
   4.84450368387467e-02
   4.82670007581992e-02
   4.80898798820841e-02
   4.79136731548118e-02
   4.77383794045143e-02
   4.75639973433334e-02
   4.73905255679034e-02
   4.72179625600271e-02
   4.70463066875249e-02
   4.68755562052563e-02
   4.67057092562986e-02
   4.65367638732788e-02
   4.63687179798407e-02
   4.62015693922509e-02
   4.60353158211201e-02
   4.58699548732451e-02
   4.57054840535527e-02
   4.55419007671415e-02
   4.53792023214154e-02
   4.52173859282950e-02
   4.50564487065045e-02
   4.48963876839265e-02
   4.47371998000133e-02
   4.45788819082528e-02
   4.44214307786774e-02
   4.42648431004164e-02
   4.41091154842763e-02
   4.39542444653513e-02
   4.38002265056531e-02
   4.36470579967608e-02
   4.34947352624753e-02
   4.33432545614820e-02
   4.31926120900169e-02
   4.30428039845255e-02
   4.28938263243155e-02
   4.27456751341959e-02
   4.25983463871048e-02
   4.24518360067121e-02
   4.23061398700039e-02
   4.21612538098391e-02
   4.20171736174779e-02
   4.18738950450791e-02
   4.17314138081649e-02
   4.15897255880431e-02
   4.14488260342036e-02
   4.13087107666588e-02
   4.11693753782555e-02
   4.10308154369352e-02
   4.08930264879521e-02
   4.07560040560442e-02
   4.06197436475579e-02
   4.04842407525220e-02
   4.03494908466748e-02
   4.02154893934386e-02
   4.00822318458462e-02
   3.99497136484145e-02
   3.98179302389674e-02
   3.96868770504067e-02
   3.95565495124318e-02
   3.94269430532067e-02
   3.92980531009757e-02
   3.91698750856279e-02
   3.90424044402102e-02
   3.89156366023862e-02
   3.87895670158505e-02
   3.86641911316872e-02
   3.85395044096804e-02
   3.84155023195758e-02
   3.82921803422939e-02
   3.81695339710939e-02
   3.80475587126909e-02
   3.79262500883265e-02
   3.78056036347941e-02
   3.76856149054190e-02
   3.75662794709921e-02
   3.74475929206655e-02
   3.73295508627976e-02
   3.72121489257651e-02
   3.70953827587296e-02
   3.69792480323636e-02
   3.68637404395409e-02
   3.67488556959875e-02
   3.66345895408956e-02
   3.65209377375007e-02
   3.64078960736270e-02
   3.62954603621943e-02
   3.61836264416941e-02
   3.60723901766352e-02
   3.59617474579554e-02
   3.58516942034027e-02
   3.57422263578898e-02
   3.56333398938187e-02
   3.55250308113784e-02
   3.54172951388136e-02
   3.53101289326719e-02
   3.52035282780228e-02
   3.50974892886546e-02
   3.49920081072478e-02
   3.48870809055259e-02
   3.47827038843847e-02
   3.46788732740022e-02
   3.45755853339280e-02
   3.44728363531535e-02
   3.43706226501635e-02
   3.42689405729718e-02
   3.41677864991386e-02
   3.40671568357727e-02
   3.39670480195182e-02
   3.38674565165254e-02
   3.37683788224112e-02
   3.36698114622001e-02
   3.35717509902595e-02
   3.34741939902177e-02
   3.33771370748716e-02
   3.32805768860865e-02
   3.31845100946798e-02
   3.30889334003009e-02
   3.29938435312965e-02
   3.28992372445723e-02
   3.28051113254415e-02
   3.27114625874680e-02
   3.26182878723027e-02
   3.25255840495117e-02
   3.24333480163979e-02
   3.23415766978181e-02
   3.22502670459921e-02
   3.21594160403074e-02
   3.20690206871221e-02
   3.19790780195572e-02
   3.18895850972909e-02
   3.18005390063429e-02
   3.17119368588619e-02
   3.16237757929044e-02
   3.15360529722130e-02
   3.14487655859913e-02
   3.13619108486780e-02
   3.12754859997160e-02
   3.11894883033228e-02
   3.11039150482562e-02
   3.10187635475818e-02
   3.09340311384374e-02
   3.08497151817958e-02
   3.07658130622287e-02
   3.06823221876692e-02
   3.05992399891743e-02
   3.05165639206848e-02
   3.04342914587898e-02
   3.03524201024873e-02
   3.02709473729469e-02
   3.01898708132721e-02
   3.01091879882635e-02
   3.00288964841835e-02
   2.99489939085205e-02
   2.98694778897548e-02
   2.97903460771244e-02
   2.97115961403943e-02
   2.96332257696233e-02
   2.95552326749383e-02
   2.94776145863008e-02
   2.94003692532844e-02
   2.93234944448473e-02
   2.92469879491097e-02
   2.91708475731317e-02
   2.90950711426921e-02
   2.90196565020723e-02
   2.89446015138372e-02
   2.88699040586219e-02
   2.87955620349202e-02
   2.87215733588701e-02
   2.86479359640505e-02
   2.85746478012700e-02
   2.85017068383644e-02
   2.84291110599946e-02
   2.83568584674454e-02
   2.82849470784282e-02
   2.82133749268839e-02
   2.81421400627906e-02
   2.80712405519718e-02
   2.80006744759052e-02
   2.79304399315387e-02
   2.78605350311033e-02
   2.77909579019306e-02
   2.77217066862739e-02
   2.76527795411285e-02
   2.75841746380567e-02
   2.75158901630137e-02
   2.74479243161757e-02
   2.73802753117720e-02
   2.73129413779174e-02
   2.72459207564460e-02
   2.71792117027519e-02
   2.71128124856245e-02
   2.70467213870943e-02
   2.69809367022747e-02
   2.69154567392076e-02
   2.68502798187131e-02
   2.67854042742397e-02
   2.67208284517153e-02
   2.66565507094039e-02
   2.65925694177600e-02
   2.65288829592888e-02
   2.64654897284056e-02
   2.64023881313009e-02
   2.63395765858015e-02
   2.62770535212404e-02
   2.62148173783235e-02
   2.61528666090005e-02
   2.60911996763381e-02
   2.60298150543945e-02
   2.59687112280927e-02
   2.59078866931026e-02
   2.58473399557185e-02
   2.57870695327405e-02
   2.57270739513590e-02
   2.56673517490402e-02
   2.56079014734107e-02
   2.55487216821489e-02
   2.54898109428733e-02
   2.54311678330353e-02
   2.53727909398126e-02
   2.53146788600047e-02
   2.52568301999286e-02
   2.51992435753180e-02
   2.51419176112235e-02
   2.50848509419128e-02
   2.50280422107746e-02
   2.49714900702225e-02
   2.49151931816007e-02
   2.48591502150916e-02
   2.48033598496236e-02
   2.47478207727830e-02
   2.46925316807228e-02
   2.46374912780774e-02
   2.45826982778760e-02
   2.45281514014570e-02
   2.44738493783870e-02
   2.44197909463759e-02
   2.43659748511976e-02
   2.43123998466097e-02
   2.42590646942760e-02
   2.42059681636872e-02
   2.41531090320869e-02
   2.41004860843951e-02
   2.40480981131352e-02
   2.39959439183601e-02
   2.39440223075811e-02
   2.38923320956979e-02
   2.38408721049277e-02
   2.37896411647368e-02
   2.37386381117744e-02
   2.36878617898025e-02
   2.36373110496351e-02
   2.35869847490688e-02
   2.35368817528227e-02
   2.34870009324726e-02
   2.34373411663911e-02
   2.33879013396856e-02
   2.33386803441383e-02
   2.32896770781461e-02
   2.32408904466636e-02
   2.31923193611442e-02
   2.31439627394835e-02
   2.30958195059631e-02
   2.30478885911960e-02
   2.30001689320714e-02
   2.29526594717003e-02
   2.29053591593635e-02
   2.28582669504594e-02
   2.28113818064513e-02
   2.27647026948175e-02
   2.27182285890001e-02
   2.26719584683570e-02
   2.26258913181110e-02
   2.25800261293030e-02
   2.25343618987442e-02
   2.24888976289684e-02
   2.24436323281866e-02
   2.23985650102403e-02
   2.23536946945577e-02
   2.23090204061070e-02
   2.22645411753551e-02
   2.22202560382216e-02
   2.21761640360375e-02
   2.21322642155025e-02
   2.20885556286429e-02
   2.20450373327705e-02
   2.20017083904422e-02
   2.19585678694191e-02
   2.19156148426264e-02
   2.18728483881163e-02
   2.18302675890264e-02
   2.17878715335426e-02
   2.17456593148620e-02
   2.17036300311541e-02
   2.16617827855245e-02
   2.16201166859787e-02
   2.15786308453854e-02
   2.15373243814408e-02
   2.14961964166346e-02
   2.14552460782127e-02
   2.14144724981454e-02
   2.13738748130914e-02
   2.13334521643654e-02
   2.12932036979044e-02
   2.12531285642341e-02
   2.12132259184375e-02
   2.11734949201215e-02
   2.11339347333868e-02
   2.10945445267946e-02
   2.10553234733368e-02
   2.10162707504045e-02
   2.09773855397575e-02
   2.09386670274947e-02
   2.09001144040245e-02
   2.08617268640338e-02
   2.08235036064604e-02
   2.07854438344639e-02
   2.07475467553963e-02
   2.07098115807753e-02
   2.06722375262537e-02
   2.06348238115946e-02
   2.05975696606424e-02
   2.05604743012966e-02
   2.05235369654828e-02
   2.04867568891293e-02
   2.04501333121382e-02
   2.04136654783609e-02
   2.03773526355716e-02
   2.03411940354417e-02
   2.03051889335148e-02
   2.02693365891822e-02
   2.02336362656562e-02
   2.01980872299480e-02
   2.01626887528417e-02
   2.01274401088708e-02
   2.00923405762940e-02
   2.00573894370728e-02
   2.00225859768455e-02
   1.99879294849067e-02
   1.99534192541831e-02
   1.99190545812105e-02
   1.98848347661120e-02
   1.98507591125749e-02
   1.98168269278287e-02
   1.97830375226243e-02
   1.97493902112100e-02
   1.97158843113119e-02
   1.96825191441117e-02
   1.96492940342260e-02
   1.96162083096845e-02
   1.95832613019098e-02
   1.95504523456967e-02
   1.95177807791916e-02
   1.94852459438726e-02
   1.94528471845290e-02
   1.94205838492417e-02
   1.93884552893631e-02
   1.93564608594973e-02
   1.93245999174816e-02
   1.92928718243669e-02
   1.92612759443978e-02
   1.92298116449944e-02
   1.91984782967344e-02
   1.91672752733319e-02
   1.91362019516220e-02
   1.91052577115397e-02
   1.90744419361045e-02
   1.90437540113998e-02
   1.90131933265565e-02
   1.89827592737354e-02
   1.89524512481083e-02
   1.89222686478422e-02
   1.88922108740803e-02
   1.88622773309269e-02
   1.88324674254281e-02
   1.88027805675569e-02
   1.87732161701948e-02
   1.87437736491165e-02
   1.87144524229721e-02
   1.86852519132719e-02
   1.86561715443699e-02
   1.86272107434466e-02
   1.85983689404945e-02
   1.85696455683013e-02
   1.85410400624349e-02
   1.85125518612265e-02
   1.84841804057554e-02
   1.84559251398356e-02
   1.84277855099978e-02
   1.83997609654753e-02
   1.83718509581894e-02
   1.83440549427336e-02
   1.83163723763599e-02
   1.82888027189624e-02
   1.82613454330643e-02
   1.82339999838021e-02
   1.82067658389127e-02
   1.81796424687172e-02
   1.81526293461080e-02
   1.81257259465350e-02
   1.80989317479900e-02
   1.80722462309943e-02
   1.80456688785842e-02
   1.80191991762976e-02
   1.79928366121599e-02
   1.79665806766716e-02
   1.79404308627933e-02
   1.79143866659336e-02
   1.78884475839353e-02
   1.78626131170630e-02
   1.78368827679890e-02
   1.78112560417803e-02
   1.77857324458881e-02
   1.77603114901310e-02
   1.77349926866862e-02
   1.77097755500745e-02
   1.76846595971486e-02
   1.76596443470809e-02
   1.76347293213503e-02
   1.76099140437309e-02
   1.75851980402794e-02
   1.75605808393231e-02
   1.75360619714477e-02
   1.75116409694853e-02
   1.74873173685031e-02
   1.74630907057908e-02
   1.74389605208500e-02
   1.74149263553816e-02
   1.73909877532747e-02
   1.73671442605948e-02
   1.73433954255730e-02
   1.73197407985944e-02
   1.72961799321864e-02
   1.72727123810084e-02
   1.72493377018402e-02
   1.72260554535705e-02
   1.72028651971876e-02
   1.71797664957662e-02
   1.71567589144588e-02
   1.71338420204838e-02
   1.71110153831142e-02
   1.70882785736690e-02
   1.70656311655006e-02
   1.70430727339854e-02
   1.70206028565139e-02
   1.69982211124791e-02
   1.69759270832665e-02
   1.69537203522449e-02
   1.69316005047553e-02
   1.69095671281013e-02
   1.68876198115387e-02
   1.68657581462658e-02
   1.68439817254138e-02
   1.68222901440364e-02
   1.68006829990998e-02
   1.67791598894746e-02
   1.67577204159242e-02
   1.67363641810965e-02
   1.67150907895141e-02
   1.66938998475640e-02
   1.66727909634894e-02
   1.66517637473800e-02
   1.66308178111624e-02
   1.66099527685906e-02
   1.65891682352379e-02
   1.65684638284871e-02
   1.65478391675207e-02
   1.65272938733137e-02
   1.65068275686226e-02
   1.64864398779786e-02
   1.64661304276763e-02
   1.64458988457677e-02
   1.64257447620508e-02
   1.64056678080629e-02
   1.63856676170709e-02
   1.63657438240628e-02
   1.63458960657400e-02
   1.63261239805072e-02
   1.63064272084659e-02
   1.62868053914047e-02
   1.62672581727911e-02
   1.62477851977637e-02
   1.62283861131239e-02
   1.62090605673268e-02
   1.61898082104746e-02
   1.61706286943073e-02
   1.61515216721947e-02
   1.61324867991297e-02
   1.61135237317184e-02
   1.60946321281734e-02
   1.60758116483061e-02
   1.60570619535184e-02
   1.60383827067948e-02
   1.60197735726945e-02
   1.60012342173454e-02
   1.59827643084343e-02
   1.59643635152000e-02
   1.59460315084264e-02
   1.59277679604347e-02
   1.59095725450751e-02
   1.58914449377209e-02
   1.58733848152597e-02
   1.58553918560866e-02
   1.58374657400973e-02
   1.58196061486806e-02
   1.58018127647103e-02
   1.57840852725398e-02
   1.57664233579933e-02
   1.57488267083596e-02
   1.57312950123847e-02
   1.57138279602655e-02
   1.56964252436413e-02
   1.56790865555889e-02
   1.56618115906135e-02
   1.56446000446436e-02
   1.56274516150236e-02
   1.56103660005067e-02
   1.55933429012485e-02
   1.55763820188005e-02
   1.55594830561024e-02
   1.55426457174770e-02
   1.55258697086221e-02
   1.55091547366054e-02
   1.54925005098567e-02
   1.54759067381620e-02
   1.54593731326569e-02
   1.54428994058207e-02
   1.54264852714692e-02
   1.54101304447485e-02
   1.53938346421296e-02
   1.53775975814010e-02
   1.53614189816627e-02
   1.53452985633207e-02
   1.53292360480798e-02
   1.53132311589384e-02
   1.52972836201817e-02
   1.52813931573754e-02
   1.52655594973615e-02
   1.52497823682491e-02
   1.52340614994114e-02
   1.52183966214785e-02
   1.52027874663310e-02
   1.51872337670951e-02
   1.51717352581362e-02
   1.51562916750531e-02
   1.51409027546723e-02
   1.51255682350425e-02
   1.51102878554282e-02
   1.50950613563045e-02
   1.50798884793513e-02
   1.50647689674483e-02
   1.50497025646675e-02
   1.50346890162698e-02
   1.50197280686988e-02
   1.50048194695737e-02
   1.49899629676865e-02
   1.49751583129943e-02
   1.49604052566151e-02
   1.49457035508216e-02
   1.49310529490367e-02
   1.49164532058273e-02
   1.49019040768993e-02
   1.48874053190925e-02
   1.48729566903750e-02
   1.48585579498386e-02
   1.48442088576923e-02
   1.48299091752583e-02
   1.48156586649668e-02
   1.48014570903495e-02
   1.47873042160366e-02
   1.47731998077502e-02
   1.47591436322994e-02
   1.47451354575756e-02
   1.47311750525477e-02
   1.47172621872567e-02
   1.47033966328106e-02
   1.46895781613800e-02
   1.46758065461929e-02
   1.46620815615300e-02
   1.46484029827192e-02
   1.46347705861320e-02
   1.46211841491774e-02
   1.46076434502978e-02
   1.45941482689644e-02
   1.45806983856717e-02
   1.45672935819336e-02
   1.45539336402785e-02
   1.45406183442442e-02
   1.45273474783737e-02
   1.45141208282107e-02
   1.45009381802945e-02
   1.44877993221557e-02
   1.44747040423120e-02
   1.44616521302627e-02
   1.44486433764854e-02
   1.44356775724312e-02
   1.44227545105190e-02
   1.44098739841327e-02
   1.43970357876164e-02
   1.43842397162690e-02
   1.43714855663416e-02
   1.43587731350310e-02
   1.43461022204772e-02
   1.43334726217582e-02
   1.43208841388861e-02
   1.43083365728025e-02
   1.42958297253745e-02
   1.42833633993902e-02
   1.42709373985550e-02
   1.42585515274869e-02
   1.42462055917123e-02
   1.42338993976627e-02
   1.42216327526698e-02
   1.42094054649615e-02
   1.41972173436577e-02
   1.41850681987668e-02
   1.41729578411814e-02
   1.41608860826736e-02
   1.41488527358922e-02
   1.41368576143580e-02
   1.41249005324600e-02
   1.41129813054512e-02
   1.41010997494451e-02
   1.40892556814111e-02
   1.40774489191719e-02
   1.40656792813982e-02
   1.40539465876060e-02
   1.40422506581522e-02
   1.40305913142301e-02
   1.40189683778674e-02
   1.40073816719207e-02
   1.39958310200728e-02
   1.39843162468284e-02
   1.39728371775105e-02
   1.39613936382569e-02
   1.39499854560167e-02
   1.39386124585458e-02
   1.39272744744040e-02
   1.39159713329514e-02
   1.39047028643438e-02
   1.38934688995308e-02
   1.38822692702503e-02
   1.38711038090266e-02
   1.38599723491658e-02
   1.38488747247529e-02
   1.38378107706477e-02
   1.38267803224814e-02
   1.38157832166541e-02
   1.38048192903299e-02
   1.37938883814342e-02
   1.37829903286505e-02
   1.37721249714165e-02
   1.37612921499208e-02
   1.37504917050997e-02
   1.37397234786336e-02
   1.37289873129440e-02
   1.37182830511894e-02
   1.37076105372636e-02
   1.36969696157900e-02
   1.36863601321205e-02
   1.36757819323316e-02
   1.36652348632200e-02
   1.36547187723009e-02
   1.36442335078040e-02
   1.36337789186703e-02
   1.36233548545495e-02
   1.36129611657955e-02
   1.36025977034649e-02
   1.35922643193125e-02
   1.35819608657889e-02
   1.35716871960374e-02
   1.35614431638903e-02
   1.35512286238665e-02
   1.35410434311677e-02
   1.35308874416762e-02
   1.35207605119509e-02
   1.35106624992249e-02
   1.35005932614029e-02
   1.34905526570566e-02
   1.34805405454233e-02
   1.34705567864028e-02
   1.34606012405527e-02
   1.34506737690880e-02
   1.34407742338760e-02
   1.34309024974349e-02
   1.34210584229298e-02
   1.34112418741703e-02
   1.34014527156078e-02
   1.33916908123322e-02
   1.33819560300689e-02
   1.33722482351772e-02
   1.33625672946456e-02
   1.33529130760904e-02
   1.33432854477524e-02
   1.33336842784938e-02
   1.33241094377964e-02
   1.33145607957575e-02
   1.33050382230882e-02
   1.32955415911100e-02
   1.32860707717527e-02
   1.32766256375511e-02
   1.32672060616426e-02
   1.32578119177644e-02
   1.32484430802507e-02
   1.32390994240305e-02
   1.32297808246244e-02
   1.32204871581422e-02
   1.32112183012802e-02
   1.32019741313189e-02
   1.31927545261197e-02
   1.31835593641231e-02
   1.31743885243453e-02
   1.31652418863763e-02
   1.31561193303777e-02
   1.31470207370783e-02
   1.31379459877738e-02
   1.31288949643228e-02
   1.31198675491451e-02
   1.31108636252185e-02
   1.31018830760770e-02
   1.30929257858077e-02
   1.30839916390489e-02
   1.30750805209869e-02
   1.30661923173548e-02
   1.30573269144282e-02
   1.30484841990249e-02
   1.30396640585005e-02
   1.30308663807480e-02
   1.30220910541931e-02
   1.30133379677939e-02
   1.30046070110376e-02
   1.29958980739379e-02
   1.29872110470331e-02
   1.29785458213835e-02
   1.29699022885696e-02
   1.29612803406889e-02
   1.29526798703543e-02
   1.29441007706916e-02
   1.29355429353370e-02
   1.29270062584353e-02
   1.29184906346369e-02
   1.29099959590963e-02
   1.29015221274693e-02
   1.28930690359117e-02
   1.28846365810750e-02
   1.28762246601065e-02
   1.28678331706464e-02
   1.28594620108245e-02
   1.28511110792593e-02
   1.28427802750556e-02
   1.28344694978014e-02
   1.28261786475670e-02
   1.28179076249021e-02
   1.28096563308343e-02
   1.28014246668656e-02
   1.27932125349719e-02
   1.27850198376002e-02
   1.27768464776658e-02
   1.27686923585521e-02
   1.27605573841062e-02
   1.27524414586383e-02
   1.27443444869195e-02
   1.27362663741793e-02
   1.27282070261033e-02
   1.27201663488331e-02
   1.27121442489612e-02
   1.27041406335314e-02
   1.26961554100357e-02
   1.26881884864127e-02
   1.26802397710456e-02
   1.26723091727596e-02
   1.26643966008213e-02
   1.26565019649348e-02
   1.26486251752416e-02
   1.26407661423174e-02
   1.26329247771709e-02
   1.26251009912412e-02
   1.26172946963970e-02
   1.26095058049330e-02
   1.26017342295693e-02
   1.25939798834493e-02
   1.25862426801377e-02
   1.25785225336179e-02
   1.25708193582917e-02
   1.25631330689759e-02
   1.25554635809010e-02
   1.25478108097101e-02
   1.25401746714556e-02
   1.25325550825988e-02
   1.25249519600067e-02
   1.25173652209515e-02
   1.25097947831079e-02
   1.25022405645514e-02
   1.24947024837576e-02
   1.24871804595982e-02
   1.24796744113416e-02
   1.24721842586497e-02
   1.24647099215765e-02
   1.24572513205660e-02
   1.24498083764515e-02
   1.24423810104526e-02
   1.24349691441745e-02
   1.24275726996053e-02
   1.24201915991153e-02
   1.24128257654544e-02
   1.24054751217510e-02
   1.23981395915102e-02
   1.23908190986117e-02
   1.23835135673086e-02
   1.23762229222257e-02
   1.23689470883575e-02
   1.23616859910668e-02
   1.23544395560831e-02
   1.23472077095006e-02
   1.23399903777769e-02
   1.23327874877316e-02
   1.23255989665441e-02
   1.23184247417523e-02
   1.23112647412507e-02
   1.23041188932895e-02
   1.22969871264724e-02
   1.22898693697551e-02
   1.22827655524437e-02
   1.22756756041933e-02
   1.22685994550068e-02
   1.22615370352320e-02
   1.22544882755617e-02
   1.22474531070310e-02
   1.22404314610167e-02
   1.22334232692341e-02
   1.22264284637381e-02
   1.22194469769192e-02
   1.22124787415030e-02
   1.22055236905493e-02
   1.21985817574493e-02
   1.21916528759252e-02
   1.21847369800281e-02
   1.21778340041368e-02
   1.21709438829562e-02
   1.21640665515162e-02
   1.21572019451693e-02
   1.21503499995906e-02
   1.21435106507745e-02
   1.21366838350354e-02
   1.21298694890041e-02
   1.21230675496281e-02
   1.21162779541694e-02
   1.21095006402031e-02
   1.21027355456160e-02
   1.20959826086052e-02
   1.20892417676774e-02
   1.20825129616460e-02
   1.20757961296311e-02
   1.20690912110575e-02
   1.20623981456534e-02
   1.20557168734494e-02
   1.20490473347764e-02
   1.20423894702648e-02
   1.20357432208430e-02
   1.20291085277364e-02
   1.20224853324651e-02
   1.20158735768437e-02
   1.20092732029792e-02
   1.20026841532701e-02
   1.19961063704051e-02
   1.19895397973611e-02
   1.19829843774028e-02
   1.19764400540811e-02
   1.19699067712315e-02
   1.19633844729731e-02
   1.19568731037075e-02
   1.19503726081167e-02
   1.19438829311630e-02
   1.19374040180872e-02
   1.19309358144066e-02
   1.19244782659154e-02
   1.19180313186816e-02
   1.19115949190471e-02
   1.19051690136260e-02
   1.18987535493034e-02
   1.18923484732338e-02
   1.18859537328408e-02
   1.18795692758149e-02
   1.18731950501127e-02
   1.18668310039560e-02
   1.18604770858299e-02
   1.18541332444822e-02
   1.18477994289224e-02
   1.18414755884191e-02
   1.18351616725010e-02
   1.18288576309539e-02
   1.18225634138203e-02
   1.18162789713982e-02
   1.18100042542398e-02
   1.18037392131505e-02
   1.17974837991877e-02
   1.17912379636596e-02
   1.17850016581238e-02
   1.17787748343870e-02
   1.17725574445028e-02
   1.17663494407714e-02
   1.17601507757381e-02
   1.17539614021921e-02
   1.17477812731658e-02
   1.17416103419332e-02
   1.17354485620092e-02
   1.17292958871483e-02
   1.17231522713436e-02
   1.17170176688254e-02
   1.17108920340609e-02
   1.17047753217522e-02
   1.16986674868354e-02
   1.16925684844803e-02
   1.16864782700886e-02
   1.16803967992930e-02
   1.16743240279560e-02
   1.16682599121694e-02
   1.16622044082526e-02
   1.16561574727519e-02
   1.16501190624397e-02
   1.16440891343126e-02
   1.16380676455915e-02
   1.16320545537196e-02
   1.16260498163621e-02
   1.16200533914047e-02
   1.16140652369529e-02
   1.16080853113309e-02
   1.16021135730803e-02
   1.15961499809598e-02
   1.15901944939433e-02
   1.15842470712199e-02
   1.15783076721920e-02
   1.15723762564748e-02
   1.15664527838955e-02
   1.15605372144918e-02
   1.15546295085114e-02
   1.15487296264105e-02
   1.15428375288538e-02
   1.15369531767124e-02
   1.15310765310635e-02
   1.15252075531893e-02
   1.15193462045766e-02
   1.15134924469144e-02
   1.15076462420949e-02
   1.15018075522107e-02
   1.14959763395555e-02
   1.14901525666219e-02
   1.14843361961015e-02
   1.14785271908830e-02
   1.14727255140521e-02
   1.14669311288902e-02
   1.14611439988737e-02
   1.14553640876729e-02
   1.14495913591509e-02
   1.14438257773632e-02
   1.14380673065570e-02
   1.14323159111693e-02
   1.14265715558271e-02
   1.14208342053457e-02
   1.14151038247283e-02
   1.14093803791654e-02
   1.14036638340328e-02
   1.13979541548923e-02
   1.13922513074895e-02
   1.13865552577538e-02
   1.13808659717968e-02
   1.13751834159125e-02
   1.13695075565752e-02
   1.13638383604402e-02
   1.13581757943408e-02
   1.13525198252896e-02
   1.13468704204768e-02
   1.13412275472691e-02
   1.13355911732092e-02
   1.13299612660151e-02
   1.13243377935790e-02
   1.13187207239667e-02
   1.13131100254167e-02
   1.13075056663390e-02
   1.13019076153154e-02
   1.12963158410976e-02
   1.12907303126067e-02
   1.12851509989333e-02
   1.12795778693343e-02
   1.12740108932354e-02
   1.12684500402281e-02
   1.12628952800696e-02
   1.12573465826812e-02
   1.12518039181490e-02
   1.12462672567226e-02
   1.12407365688130e-02
   1.12352118249941e-02
   1.12296929960005e-02
   1.12241800527266e-02
   1.12186729662267e-02
   1.12131717077138e-02
   1.12076762485589e-02
   1.12021865602901e-02
   1.11967026145924e-02
   1.11912243833061e-02
   1.11857518384267e-02
   1.11802849521045e-02
   1.11748236966428e-02
   1.11693680444982e-02
   1.11639179682791e-02
   1.11584734407456e-02
   1.11530344348085e-02
   1.11476009235287e-02
   1.11421728801162e-02
   1.11367502779298e-02
   1.11313330904762e-02
   1.11259212914091e-02
   1.11205148545291e-02
   1.11151137537823e-02
   1.11097179632604e-02
   1.11043274571989e-02
   1.10989422099775e-02
   1.10935621961190e-02
   1.10881873902884e-02
   1.10828177672927e-02
   1.10774533020799e-02
   1.10720939697383e-02
   1.10667397454959e-02
   1.10613906047200e-02
   1.10560465229161e-02
   1.10507074757278e-02
   1.10453734389353e-02
   1.10400443884557e-02
   1.10347203003417e-02
   1.10294011507811e-02
   1.10240869160966e-02
   1.10187775727443e-02
   1.10134730973137e-02
   1.10081734665272e-02
   1.10028786572387e-02
   1.09975886464339e-02
   1.09923034112291e-02
   1.09870229288702e-02
   1.09817471767334e-02
   1.09764761323232e-02
   1.09712097732727e-02
   1.09659480773420e-02
   1.09606910224192e-02
   1.09554385865179e-02
   1.09501907477782e-02
   1.09449474844648e-02
   1.09397087749676e-02
   1.09344745978001e-02
   1.09292449315991e-02
   1.09240197551248e-02
   1.09187990472594e-02
   1.09135827870064e-02
   1.09083709534907e-02
   1.09031635259575e-02
   1.08979604837722e-02
   1.08927618064192e-02
   1.08875674735019e-02
   1.08823774647417e-02
   1.08771917599776e-02
   1.08720103391660e-02
   1.08668331823793e-02
   1.08616602698060e-02
   1.08564915817502e-02
   1.08513270986304e-02
   1.08461668009796e-02
   1.08410106694444e-02
   1.08358586847847e-02
   1.08307108278726e-02
   1.08255670796929e-02
   1.08204274213414e-02
   1.08152918340250e-02
   1.08101602990611e-02
   1.08050327978769e-02
   1.07999093120089e-02
   1.07947898231028e-02
   1.07896743129121e-02
   1.07845627632984e-02
   1.07794551562305e-02
   1.07743514737838e-02
   1.07692516981404e-02
   1.07641558115872e-02
   1.07590637965169e-02
   1.07539756354270e-02
   1.07488913109188e-02
   1.07438108056971e-02
   1.07387341025704e-02
   1.07336611844494e-02
   1.07285920343472e-02
   1.07235266353780e-02
   1.07184649707579e-02
   1.07134070238032e-02
   1.07083527779302e-02
   1.07033022166554e-02
   1.06982553235940e-02
   1.06932120824599e-02
   1.06881724770654e-02
   1.06831364913206e-02
   1.06781041092325e-02
   1.06730753149049e-02
   1.06680500925381e-02
   1.06630284264282e-02
   1.06580103009665e-02
   1.06529957006391e-02
   1.06479846100266e-02
   1.06429770138037e-02
   1.06379728967382e-02
   1.06329722436910e-02
   1.06279750396158e-02
   1.06229812695580e-02
   1.06179909186550e-02
   1.06130039721351e-02
   1.06080204153176e-02
   1.06030402336116e-02
   1.05980634125167e-02
   1.05930899376211e-02
   1.05881197946025e-02
   1.05831529692270e-02
   1.05781894473485e-02
   1.05732292149086e-02
   1.05682722579366e-02
   1.05633185625476e-02
   1.05583681149439e-02
   1.05534209014129e-02
   1.05484769083281e-02
   1.05435361221476e-02
   1.05385985294144e-02
   1.05336641167554e-02
   1.05287328708813e-02
   1.05238047785864e-02
   1.05188798267475e-02
   1.05139580023244e-02
   1.05090392923582e-02
   1.05041236839725e-02
   1.04992111643719e-02
   1.04943017208417e-02
   1.04893953407478e-02
   1.04844920115357e-02
   1.04795917207314e-02
   1.04746944559393e-02
   1.04698002048430e-02
   1.04649089552048e-02
   1.04600206948643e-02
   1.04551354117397e-02
   1.04502530938255e-02
   1.04453737291937e-02
   1.04404973059926e-02
   1.04356238124467e-02
   1.04307532368558e-02
   1.04258855675955e-02
   1.04210207931161e-02
   1.04161589019424e-02
   1.04112998826734e-02
   1.04064437239822e-02
   1.04015904146148e-02
   1.03967399433905e-02
   1.03918922992015e-02
   1.03870474710117e-02
   1.03822054478576e-02
   1.03773662188471e-02
   1.03725297731590e-02
   1.03676961000430e-02
   1.03628651888195e-02
   1.03580370288787e-02
   1.03532116096811e-02
   1.03483889207562e-02
   1.03435689517021e-02
   1.03387516921864e-02
   1.03339371319448e-02
   1.03291252607805e-02
   1.03243160685649e-02
   1.03195095452364e-02
   1.03147056808004e-02
   1.03099044653287e-02
   1.03051058889597e-02
   1.03003099418975e-02
   1.02955166144117e-02
   1.02907258968370e-02
   1.02859377795735e-02
   1.02811522530852e-02
   1.02763693079008e-02
   1.02715889346125e-02
   1.02668111238765e-02
   1.02620358664114e-02
   1.02572631529998e-02
   1.02524929744858e-02
   1.02477253217764e-02
   1.02429601858405e-02
   1.02381975577079e-02
   1.02334374284705e-02
   1.02286797892805e-02
   1.02239246313512e-02
   1.02191719459561e-02
   1.02144217244282e-02
   1.02096739581608e-02
   1.02049286386062e-02
   1.02001857572759e-02
   1.01954453057400e-02
   1.01907072756272e-02
   1.01859716586241e-02
   1.01812384464755e-02
   1.01765076309830e-02
   1.01717792040063e-02
   1.01670531574610e-02
   1.01623294833205e-02
   1.01576081736133e-02
   1.01528892204247e-02
   1.01481726158952e-02
   1.01434583522211e-02
   1.01387464216537e-02
   1.01340368164989e-02
   1.01293295291174e-02
   1.01246245519242e-02
   1.01199218773879e-02
   1.01152214980310e-02
   1.01105234064294e-02
   1.01058275952118e-02
   1.01011340570601e-02
   1.00964427847086e-02
   1.00917537709437e-02
   1.00870670086037e-02
   1.00823824905791e-02
   1.00777002098110e-02
   1.00730201592924e-02
   1.00683423320667e-02
   1.00636667212280e-02
   1.00589933199205e-02
   1.00543221213391e-02
   1.00496531187275e-02
   1.00449863053796e-02
   1.00403216746384e-02
   1.00356592198957e-02
   1.00309989345921e-02
   1.00263408122166e-02
   1.00216848463065e-02
   1.00170310304466e-02
   1.00123793582699e-02
   1.00077298234564e-02
   1.00030824197335e-02
   9.99843714087497e-03
   9.99379398070191e-03
   9.98915293308126e-03
   9.98451399192616e-03
   9.97987715119580e-03
   9.97524240489477e-03
   9.97060974707307e-03
   9.96597917182577e-03
   9.96135067329297e-03
   9.95672424565916e-03
   9.95209988315343e-03
   9.94747758004854e-03
   9.94285733066168e-03
   9.93823912935338e-03
   9.93362297052753e-03
   9.92900884863128e-03
   9.92439675815473e-03
   9.91978669363041e-03
   9.91517864963350e-03
   9.91057262078147e-03
   9.90596860173356e-03
   9.90136658719048e-03
   9.89676657189520e-03
   9.89216855063155e-03
   9.88757251822406e-03
   9.88297846953859e-03
   9.87838639948138e-03
   9.87379630299882e-03
   9.86920817507773e-03
   9.86462201074492e-03
   9.86003780506628e-03
   9.85545555314778e-03
   9.85087525013452e-03
   9.84629689121032e-03
   9.84172047159804e-03
   9.83714598655895e-03
   9.83257343139271e-03
   9.82800280143719e-03
   9.82343409206836e-03
   9.81886729869931e-03
   9.81430241678132e-03
   9.80973944180246e-03
   9.80517836928796e-03
   9.80061919480011e-03
   9.79606191393765e-03
   9.79150652233576e-03
   9.78695301566585e-03
   9.78240138963551e-03
   9.77785163998807e-03
   9.77330376250220e-03
   9.76875775299228e-03
   9.76421360730787e-03
   9.75967132133349e-03
   9.75513089098821e-03
   9.75059231222600e-03
   9.74605558103514e-03
   9.74152069343798e-03
   9.73698764549107e-03
   9.73245643328480e-03
   9.72792705294280e-03
   9.72339950062247e-03
   9.71887377251422e-03
   9.71434986484153e-03
   9.70982777386085e-03
   9.70530749586085e-03
   9.70078902716328e-03
   9.69627236412159e-03
   9.69175750312150e-03
   9.68724444058086e-03
   9.68273317294869e-03
   9.67822369670594e-03
   9.67371600836472e-03
   9.66921010446820e-03
   9.66470598159053e-03
   9.66020363633693e-03
   9.65570306534273e-03
   9.65120426527395e-03
   9.64670723282695e-03
   9.64221196472773e-03
   9.63771845773254e-03
   9.63322670862704e-03
   9.62873671422661e-03
   9.62424847137593e-03
   9.61976197694885e-03
   9.61527722784792e-03
   9.61079422100481e-03
   9.60631295337982e-03
   9.60183342196170e-03
   9.59735562376719e-03
   9.59287955584182e-03
   9.58840521525821e-03
   9.58393259911752e-03
   9.57946170454803e-03
   9.57499252870590e-03
   9.57052506877408e-03
   9.56605932196316e-03
   9.56159528551019e-03
   9.55713295667943e-03
   9.55267233276148e-03
   9.54821341107355e-03
   9.54375618895898e-03
   9.53930066378765e-03
   9.53484683295486e-03
   9.53039469388209e-03
   9.52594424401673e-03
   9.52149548083082e-03
   9.51704840182259e-03
   9.51260300451529e-03
   9.50815928645684e-03
   9.50371724522023e-03
   9.49927687840340e-03
   9.49483818362860e-03
   9.49040115854252e-03
   9.48596580081638e-03
   9.48153210814502e-03
   9.47710007824777e-03
   9.47266970886736e-03
   9.46824099777040e-03
   9.46381394274718e-03
   9.45938854161097e-03
   9.45496479219853e-03
   9.45054269236966e-03
   9.44612224000685e-03
   9.44170343301586e-03
   9.43728626932457e-03
   9.43287074688386e-03
   9.42845686366659e-03
   9.42404461766783e-03
   9.41963400690488e-03
   9.41522502941700e-03
   9.41081768326512e-03
   9.40641196653193e-03
   9.40200787732151e-03
   9.39760541375943e-03
   9.39320457399252e-03
   9.38880535618832e-03
   9.38440775853602e-03
   9.38001177924496e-03
   9.37561741654560e-03
   9.37122466868901e-03
   9.36683353394619e-03
   9.36244401060902e-03
   9.35805609698907e-03
   9.35366979141836e-03
   9.34928509224830e-03
   9.34490199785056e-03
   9.34052050661632e-03
   9.33614061695593e-03
   9.33176232729960e-03
   9.32738563609651e-03
   9.32301054181504e-03
   9.31863704294239e-03
   9.31426513798525e-03
   9.30989482546819e-03
   9.30552610393488e-03
   9.30115897194765e-03
   9.29679342808670e-03
   9.29242947095107e-03
   9.28806709915749e-03
   9.28370631134080e-03
   9.27934710615379e-03
   9.27498948226695e-03
   9.27063343836849e-03
   9.26627897316416e-03
   9.26192608537694e-03
   9.25757477374734e-03
   9.25322503703307e-03
   9.24887687400853e-03
   9.24453028346551e-03
   9.24018526421233e-03
   9.23584181507410e-03
   9.23149993489241e-03
   9.22715962252558e-03
   9.22282087684810e-03
   9.21848369675074e-03
   9.21414808114056e-03
   9.20981402894044e-03
   9.20548153908922e-03
   9.20115061054184e-03
   9.19682124226845e-03
   9.19249343325512e-03
   9.18816718250330e-03
   9.18384248902984e-03
   9.17951935186676e-03
   9.17519777006138e-03
   9.17087774267612e-03
   9.16655926878799e-03
   9.16224234748920e-03
   9.15792697788650e-03
   9.15361315910117e-03
   9.14930089026955e-03
   9.14499017054169e-03
   9.14068099908232e-03
   9.13637337507037e-03
   9.13206729769882e-03
   9.12776276617461e-03
   9.12345977971875e-03
   9.11915833756605e-03
   9.11485843896473e-03
   9.11056008317692e-03
   9.10626326947802e-03
   9.10196799715729e-03
   9.09767426551659e-03
   9.09338207387161e-03
   9.08909142155085e-03
   9.08480230789605e-03
   9.08051473226152e-03
   9.07622869401477e-03
   9.07194419253578e-03
   9.06766122721724e-03
   9.06337979746447e-03
   9.05909990269511e-03
   9.05482154233936e-03
   9.05054471583936e-03
   9.04626942264967e-03
   9.04199566223694e-03
   9.03772343407965e-03
   9.03345273766831e-03
   9.02918357250517e-03
   9.02491593810404e-03
   9.02064983399080e-03
   9.01638525970230e-03
   9.01212221478732e-03
   9.00786069880568e-03
   9.00360071132866e-03
   8.99934225193889e-03
   8.99508532022949e-03
   8.99082991580519e-03
   8.98657603828134e-03
   8.98232368728423e-03
   8.97807286245110e-03
   8.97382356342936e-03
   8.96957578987743e-03
   8.96532954146413e-03
   8.96108481786867e-03
   8.95684161878067e-03
   8.95259994389999e-03
   8.94835979293655e-03
   8.94412116561030e-03
   8.93988406165148e-03
   8.93564848080011e-03
   8.93141442280601e-03
   8.92718188742899e-03
   8.92295087443811e-03
   8.91872138361249e-03
   8.91449341474066e-03
   8.91026696762043e-03
   8.90604204205928e-03
   8.90181863787352e-03
   8.89759675488927e-03
   8.89337639294143e-03
   8.88915755187399e-03
   8.88494023154024e-03
   8.88072443180184e-03
   8.87651015252972e-03
   8.87229739360343e-03
   8.86808615491141e-03
   8.86387643635024e-03
   8.85966823782582e-03
   8.85546155925165e-03
   8.85125640055038e-03
   8.84705276165245e-03
   8.84285064249698e-03
   8.83865004303090e-03
   8.83445096320960e-03
   8.83025340299625e-03
   8.82605736236197e-03
   8.82186284128617e-03
   8.81766983975573e-03
   8.81347835776541e-03
   8.80928839531770e-03
   8.80509995242263e-03
   8.80091302909802e-03
   8.79672762536879e-03
   8.79254374126759e-03
   8.78836137683438e-03
   8.78418053211640e-03
   8.78000120716817e-03
   8.77582340205113e-03
   8.77164711683418e-03
   8.76747235159297e-03
   8.76329910641028e-03
   8.75912738137567e-03
   8.75495717658571e-03
   8.75078849214352e-03
   8.74662132815899e-03
   8.74245568474890e-03
   8.73829156203625e-03
   8.73412896015083e-03
   8.72996787922880e-03
   8.72580831941265e-03
   8.72165028085135e-03
   8.71749376370008e-03
   8.71333876812011e-03
   8.70918529427921e-03
   8.70503334235093e-03
   8.70088291251477e-03
   8.69673400495665e-03
   8.69258661986808e-03
   8.68844075744636e-03
   8.68429641789475e-03
   8.68015360142249e-03
   8.67601230824401e-03
   8.67187253857974e-03
   8.66773429265534e-03
   8.66359757070244e-03
   8.65946237295769e-03
   8.65532869966352e-03
   8.65119655106736e-03
   8.64706592742209e-03
   8.64293682898594e-03
   8.63880925602220e-03
   8.63468320879908e-03
   8.63055868759046e-03
   8.62643569267451e-03
   8.62231422433480e-03
   8.61819428285985e-03
   8.61407586854278e-03
   8.60995898168176e-03
   8.60584362257943e-03
   8.60172979154331e-03
   8.59761748888573e-03
   8.59350671492333e-03
   8.58939746997745e-03
   8.58528975437389e-03
   8.58118356844280e-03
   8.57707891251905e-03
   8.57297578694136e-03
   8.56887419205325e-03
   8.56477412820192e-03
   8.56067559573950e-03
   8.55657859502144e-03
   8.55248312640790e-03
   8.54838919026301e-03
   8.54429678695465e-03
   8.54020591685488e-03
   8.53611658033946e-03
   8.53202877778826e-03
   8.52794250958471e-03
   8.52385777611617e-03
   8.51977457777362e-03
   8.51569291495192e-03
   8.51161278804931e-03
   8.50753419746778e-03
   8.50345714361265e-03
   8.49938162689307e-03
   8.49530764772112e-03
   8.49123520651296e-03
   8.48716430368753e-03
   8.48309493966718e-03
   8.47902711487798e-03
   8.47496082974865e-03
   8.47089608471150e-03
   8.46683288020170e-03
   8.46277121665766e-03
   8.45871109452071e-03
   8.45465251423569e-03
   8.45059547624958e-03
   8.44653998101292e-03
   8.44248602897905e-03
   8.43843362060382e-03
   8.43438275634629e-03
   8.43033343666817e-03
   8.42628566203367e-03
   8.42223943291000e-03
   8.41819474976677e-03
   8.41415161307631e-03
   8.41011002331348e-03
   8.40606998095569e-03
   8.40203148648291e-03
   8.39799454037738e-03
   8.39395914312397e-03
   8.38992529520967e-03
   8.38589299712399e-03
   8.38186224935864e-03
   8.37783305240760e-03
   8.37380540676719e-03
   8.36977931293569e-03
   8.36575477141371e-03
   8.36173178270386e-03
   8.35771034731092e-03
   8.35369046574162e-03
   8.34967213850475e-03
   8.34565536611096e-03
   8.34164014907303e-03
   8.33762648790549e-03
   8.33361438312457e-03
   8.32960383524874e-03
   8.32559484479774e-03
   8.32158741229365e-03
   8.31758153825975e-03
   8.31357722322112e-03
   8.30957446770502e-03
   8.30557327223940e-03
   8.30157363735449e-03
   8.29757556358196e-03
   8.29357905145472e-03
   8.28958410150745e-03
   8.28559071427627e-03
   8.28159889029840e-03
   8.27760863011298e-03
   8.27361993425978e-03
   8.26963280328082e-03
   8.26564723771860e-03
   8.26166323811727e-03
   8.25768080502206e-03
   8.25369993897961e-03
   8.24972064053755e-03
   8.24574291024465e-03
   8.24176674865080e-03
   8.23779215630698e-03
   8.23381913376535e-03
   8.22984768157888e-03
   8.22587780030166e-03
   8.22190949048871e-03
   8.21794275269592e-03
   8.21397758748003e-03
   8.21001399539890e-03
   8.20605197701100e-03
   8.20209153287566e-03
   8.19813266355317e-03
   8.19417536960428e-03
   8.19021965159068e-03
   8.18626551007469e-03
   8.18231294561928e-03
   8.17836195878807e-03
   8.17441255014564e-03
   8.17046472025661e-03
   8.16651846968642e-03
   8.16257379900110e-03
   8.15863070876703e-03
   8.15468919955142e-03
   8.15074927192145e-03
   8.14681092644522e-03
   8.14287416369082e-03
   8.13893898422706e-03
   8.13500538862283e-03
   8.13107337744759e-03
   8.12714295127094e-03
   8.12321411066285e-03
   8.11928685619357e-03
   8.11536118843350e-03
   8.11143710795333e-03
   8.10751461532372e-03
   8.10359371111583e-03
   8.09967439590090e-03
   8.09575667025011e-03
   8.09184053473448e-03
   8.08792598992582e-03
   8.08401303639541e-03
   8.08010167471473e-03
   8.07619190545519e-03
   8.07228372918825e-03
   8.06837714648537e-03
   8.06447215791799e-03
   8.06056876405698e-03
   8.05666696547389e-03
   8.05276676273932e-03
   8.04886815642434e-03
   8.04497114709938e-03
   8.04107573533505e-03
   8.03718192170166e-03
   8.03328970676890e-03
   8.02939909110672e-03
   8.02551007528429e-03
   8.02162265987108e-03
   8.01773684543564e-03
   8.01385263254639e-03
   8.00997002177152e-03
   8.00608901367867e-03
   8.00220960883511e-03
   7.99833180780764e-03
   7.99445561116282e-03
   7.99058101946655e-03
   7.98670803328424e-03
   7.98283665318072e-03
   7.97896687972057e-03
   7.97509871346770e-03
   7.97123215498523e-03
   7.96736720483604e-03
   7.96350386358230e-03
   7.95964213178543e-03
   7.95578201000647e-03
   7.95192349880543e-03
   7.94806659874189e-03
   7.94421131037489e-03
   7.94035763426252e-03
   7.93650557096225e-03
   7.93265512103058e-03
   7.92880628502376e-03
   7.92495906349668e-03
   7.92111345700370e-03
   7.91726946609848e-03
   7.91342709133374e-03
   7.90958633326124e-03
   7.90574719243203e-03
   7.90190966939650e-03
   7.89807376470351e-03
   7.89423947890168e-03
   7.89040681253829e-03
   7.88657576615978e-03
   7.88274634031159e-03
   7.87891853553862e-03
   7.87509235238396e-03
   7.87126779139035e-03
   7.86744485309928e-03
   7.86362353805126e-03
   7.85980384678567e-03
   7.85598577984106e-03
   7.85216933775442e-03
   7.84835452106220e-03
   7.84454133029930e-03
   7.84072976599986e-03
   7.83691982869656e-03
   7.83311151892130e-03
   7.82930483720437e-03
   7.82549978407517e-03
   7.82169636006184e-03
   7.81789456569121e-03
   7.81409440148911e-03
   7.81029586798001e-03
   7.80649896568720e-03
   7.80270369513245e-03
   7.79891005683674e-03
   7.79511805131905e-03
   7.79132767909790e-03
   7.78753894068998e-03
   7.78375183661048e-03
   7.77996636737393e-03
   7.77618253349279e-03
   7.77240033547866e-03
   7.76861977384148e-03
   7.76484084908996e-03
   7.76106356173133e-03
   7.75728791227145e-03
   7.75351390121473e-03
   7.74974152906413e-03
   7.74597079632124e-03
   7.74220170348593e-03
   7.73843425105721e-03
   7.73466843953175e-03
   7.73090426940535e-03
   7.72714174117231e-03
   7.72338085532517e-03
   7.71962161235483e-03
   7.71586401275105e-03
   7.71210805700169e-03
   7.70835374559332e-03
   7.70460107901081e-03
   7.70085005773734e-03
   7.69710068225471e-03
   7.69335295304297e-03
   7.68960687058071e-03
   7.68586243534469e-03
   7.68211964781038e-03
   7.67837850845110e-03
   7.67463901773905e-03
   7.67090117614440e-03
   7.66716498413586e-03
   7.66343044218034e-03
   7.65969755074313e-03
   7.65596631028794e-03
   7.65223672127634e-03
   7.64850878416879e-03
   7.64478249942357e-03
   7.64105786749722e-03
   7.63733488884490e-03
   7.63361356391990e-03
   7.62989389317340e-03
   7.62617587705530e-03
   7.62245951601338e-03
   7.61874481049376e-03
   7.61503176094083e-03
   7.61132036779713e-03
   7.60761063150327e-03
   7.60390255249818e-03
   7.60019613121893e-03
   7.59649136810070e-03
   7.59278826357692e-03
   7.58908681807922e-03
   7.58538703203719e-03
   7.58168890587864e-03
   7.57799244002958e-03
   7.57429763491403e-03
   7.57060449095429e-03
   7.56691300857049e-03
   7.56322318818120e-03
   7.55953503020269e-03
   7.55584853504959e-03
   7.55216370313464e-03
   7.54848053486851e-03
   7.54479903065982e-03
   7.54111919091572e-03
   7.53744101604084e-03
   7.53376450643822e-03
   7.53008966250882e-03
   7.52641648465155e-03
   7.52274497326373e-03
   7.51907512873996e-03
   7.51540695147360e-03
   7.51174044185573e-03
   7.50807560027525e-03
   7.50441242711922e-03
   7.50075092277285e-03
   7.49709108761901e-03
   7.49343292203879e-03
   7.48977642641117e-03
   7.48612160111316e-03
   7.48246844651949e-03
   7.47881696300319e-03
   7.47516715093491e-03
   7.47151901068351e-03
   7.46787254261569e-03
   7.46422774709605e-03
   7.46058462448717e-03
   7.45694317514947e-03
   7.45330339944128e-03
   7.44966529771918e-03
   7.44602887033713e-03
   7.44239411764742e-03
   7.43876103999996e-03
   7.43512963774265e-03
   7.43149991122148e-03
   7.42787186077986e-03
   7.42424548675971e-03
   7.42062078950019e-03
   7.41699776933879e-03
   7.41337642661055e-03
   7.40975676164868e-03
   7.40613877478402e-03
   7.40252246634548e-03
   7.39890783665945e-03
   7.39529488605050e-03
   7.39168361484101e-03
   7.38807402335107e-03
   7.38446611189875e-03
   7.38085988079972e-03
   7.37725533036786e-03
   7.37365246091447e-03
   7.37005127274884e-03
   7.36645176617822e-03
   7.36285394150744e-03
   7.35925779903929e-03
   7.35566333907427e-03
   7.35207056191078e-03
   7.34847946784507e-03
   7.34489005717106e-03
   7.34130233018035e-03
   7.33771628716261e-03
   7.33413192840512e-03
   7.33054925419311e-03
   7.32696826480944e-03
   7.32338896053468e-03
   7.31981134164743e-03
   7.31623540842399e-03
   7.31266116113827e-03
   7.30908860006208e-03
   7.30551772546482e-03
   7.30194853761411e-03
   7.29838103677479e-03
   7.29481522320997e-03
   7.29125109717995e-03
   7.28768865894312e-03
   7.28412790875585e-03
   7.28056884687172e-03
   7.27701147354252e-03
   7.27345578901761e-03
   7.26990179354385e-03
   7.26634948736645e-03
   7.26279887072781e-03
   7.25924994386827e-03
   7.25570270702580e-03
   7.25215716043626e-03
   7.24861330433338e-03
   7.24507113894828e-03
   7.24153066450987e-03
   7.23799188124497e-03
   7.23445478937808e-03
   7.23091938913135e-03
   7.22738568072469e-03
   7.22385366437585e-03
   7.22032334029990e-03
   7.21679470871012e-03
   7.21326776981729e-03
   7.20974252382987e-03
   7.20621897095420e-03
   7.20269711139411e-03
   7.19917694535131e-03
   7.19565847302503e-03
   7.19214169461265e-03
   7.18862661030875e-03
   7.18511322030587e-03
   7.18160152479438e-03
   7.17809152396201e-03
   7.17458321799446e-03
   7.17107660707509e-03
   7.16757169138513e-03
   7.16406847110299e-03
   7.16056694640545e-03
   7.15706711746640e-03
   7.15356898445788e-03
   7.15007254754954e-03
   7.14657780690850e-03
   7.14308476269993e-03
   7.13959341508630e-03
   7.13610376422821e-03
   7.13261581028362e-03
   7.12912955340829e-03
   7.12564499375583e-03
   7.12216213147744e-03
   7.11868096672189e-03
   7.11520149963592e-03
   7.11172373036363e-03
   7.10824765904727e-03
   7.10477328582647e-03
   7.10130061083855e-03
   7.09782963421858e-03
   7.09436035609951e-03
   7.09089277661175e-03
   7.08742689588345e-03
   7.08396271404079e-03
   7.08050023120711e-03
   7.07703944750379e-03
   7.07358036304988e-03
   7.07012297796198e-03
   7.06666729235469e-03
   7.06321330634004e-03
   7.05976102002793e-03
   7.05631043352583e-03
   7.05286154693887e-03
   7.04941436037027e-03
   7.04596887392042e-03
   7.04252508768779e-03
   7.03908300176844e-03
   7.03564261625615e-03
   7.03220393124230e-03
   7.02876694681608e-03
   7.02533166306456e-03
   7.02189808007229e-03
   7.01846619792154e-03
   7.01503601669238e-03
   7.01160753646238e-03
   7.00818075730732e-03
   7.00475567930008e-03
   7.00133230251173e-03
   6.99791062701093e-03
   6.99449065286382e-03
   6.99107238013464e-03
   6.98765580888495e-03
   6.98424093917439e-03
   6.98082777106011e-03
   6.97741630459715e-03
   6.97400653983800e-03
   6.97059847683319e-03
   6.96719211563081e-03
   6.96378745627658e-03
   6.96038449881428e-03
   6.95698324328504e-03
   6.95358368972799e-03
   6.95018583817990e-03
   6.94678968867513e-03
   6.94339524124617e-03
   6.94000249592296e-03
   6.93661145273309e-03
   6.93322211170208e-03
   6.92983447285323e-03
   6.92644853620737e-03
   6.92306430178320e-03
   6.91968176959736e-03
   6.91630093966382e-03
   6.91292181199465e-03
   6.90954438659961e-03
   6.90616866348592e-03
   6.90279464265906e-03
   6.89942232412187e-03
   6.89605170787505e-03
   6.89268279391721e-03
   6.88931558224459e-03
   6.88595007285102e-03
   6.88258626572852e-03
   6.87922416086661e-03
   6.87586375825257e-03
   6.87250505787162e-03
   6.86914805970651e-03
   6.86579276373795e-03
   6.86243916994433e-03
   6.85908727830188e-03
   6.85573708878463e-03
   6.85238860136435e-03
   6.84904181601064e-03
   6.84569673269080e-03
   6.84235335137021e-03
   6.83901167201153e-03
   6.83567169457569e-03
   6.83233341902119e-03
   6.82899684530435e-03
   6.82566197337932e-03
   6.82232880319802e-03
   6.81899733471029e-03
   6.81566756786365e-03
   6.81233950260355e-03
   6.80901313887326e-03
   6.80568847661353e-03
   6.80236551576338e-03
   6.79904425625953e-03
   6.79572469803607e-03
   6.79240684102590e-03
   6.78909068515864e-03
   6.78577623036266e-03
   6.78246347656343e-03
   6.77915242368478e-03
   6.77584307164828e-03
   6.77253542037289e-03
   6.76922946977609e-03
   6.76592521977275e-03
   6.76262267027579e-03
   6.75932182119593e-03
   6.75602267244155e-03
   6.75272522391932e-03
   6.74942947553341e-03
   6.74613542718598e-03
   6.74284307877703e-03
   6.73955243020443e-03
   6.73626348136399e-03
   6.73297623214921e-03
   6.72969068245162e-03
   6.72640683216071e-03
   6.72312468116354e-03
   6.71984422934545e-03
   6.71656547658937e-03
   6.71328842277611e-03
   6.71001306778476e-03
   6.70673941149185e-03
   6.70346745377201e-03
   6.70019719449773e-03
   6.69692863353947e-03
   6.69366177076561e-03
   6.69039660604218e-03
   6.68713313923342e-03
   6.68387137020148e-03
   6.68061129880626e-03
   6.67735292490577e-03
   6.67409624835560e-03
   6.67084126900961e-03
   6.66758798671969e-03
   6.66433640133527e-03
   6.66108651270384e-03
   6.65783832067102e-03
   6.65459182508027e-03
   6.65134702577294e-03
   6.64810392258835e-03
   6.64486251536386e-03
   6.64162280393466e-03
   6.63838478813397e-03
   6.63514846779289e-03
   6.63191384274079e-03
   6.62868091280452e-03
   6.62544967780928e-03
   6.62222013757807e-03
   6.61899229193205e-03
   6.61576614068995e-03
   6.61254168366907e-03
   6.60931892068431e-03
   6.60609785154844e-03
   6.60287847607277e-03
   6.59966079406609e-03
   6.59644480533525e-03
   6.59323050968544e-03
   6.59001790691949e-03
   6.58680699683849e-03
   6.58359777924148e-03
   6.58039025392536e-03
   6.57718442068521e-03
   6.57398027931419e-03
   6.57077782960328e-03
   6.56757707134177e-03
   6.56437800431656e-03
   6.56118062831307e-03
   6.55798494311444e-03
   6.55479094850214e-03
   6.55159864425533e-03
   6.54840803015140e-03
   6.54521910596587e-03
   6.54203187147214e-03
   6.53884632644183e-03
   6.53566247064458e-03
   6.53248030384809e-03
   6.52929982581820e-03
   6.52612103631856e-03
   6.52294393511123e-03
   6.51976852195624e-03
   6.51659479661164e-03
   6.51342275883351e-03
   6.51025240837630e-03
   6.50708374499234e-03
   6.50391676843209e-03
   6.50075147844412e-03
   6.49758787477507e-03
   6.49442595716973e-03
   6.49126572537116e-03
   6.48810717912036e-03
   6.48495031815630e-03
   6.48179514221646e-03
   6.47864165103610e-03
   6.47548984434892e-03
   6.47233972188644e-03
   6.46919128337864e-03
   6.46604452855329e-03
   6.46289945713657e-03
   6.45975606885277e-03
   6.45661436342430e-03
   6.45347434057167e-03
   6.45033600001379e-03
   6.44719934146726e-03
   6.44406436464755e-03
   6.44093106926747e-03
   6.43779945503869e-03
   6.43466952167067e-03
   6.43154126887138e-03
   6.42841469634657e-03
   6.42528980380063e-03
   6.42216659093570e-03
   6.41904505745245e-03
   6.41592520304955e-03
   6.41280702742411e-03
   6.40969053027116e-03
   6.40657571128419e-03
   6.40346257015463e-03
   6.40035110657250e-03
   6.39724132022561e-03
   6.39413321080058e-03
   6.39102677798171e-03
   6.38792202145167e-03
   6.38481894089150e-03
   6.38171753598053e-03
   6.37861780639619e-03
   6.37551975181407e-03
   6.37242337190832e-03
   6.36932866635101e-03
   6.36623563481287e-03
   6.36314427696251e-03
   6.36005459246694e-03
   6.35696658099162e-03
   6.35388024219996e-03
   6.35079557575398e-03
   6.34771258131381e-03
   6.34463125853777e-03
   6.34155160708268e-03
   6.33847362660365e-03
   6.33539731675392e-03
   6.33232267718511e-03
   6.32924970754712e-03
   6.32617840748839e-03
   6.32310877665534e-03
   6.32004081469311e-03
   6.31697452124443e-03
   6.31390989595136e-03
   6.31084693845332e-03
   6.30778564838892e-03
   6.30472602539454e-03
   6.30166806910500e-03
   6.29861177915365e-03
   6.29555715517193e-03
   6.29250419678995e-03
   6.28945290363592e-03
   6.28640327533650e-03
   6.28335531151688e-03
   6.28030901180012e-03
   6.27726437580820e-03
   6.27422140316139e-03
   6.27118009347801e-03
   6.26814044637497e-03
   6.26510246146777e-03
   6.26206613836981e-03
   6.25903147669349e-03
   6.25599847604908e-03
   6.25296713604556e-03
   6.24993745629030e-03
   6.24690943638886e-03
   6.24388307594554e-03
   6.24085837456267e-03
   6.23783533184139e-03
   6.23481394738116e-03
   6.23179422077967e-03
   6.22877615163319e-03
   6.22575973953645e-03
   6.22274498408273e-03
   6.21973188486361e-03
   6.21672044146905e-03
   6.21371065348748e-03
   6.21070252050596e-03
   6.20769604210998e-03
   6.20469121788326e-03
   6.20168804740826e-03
   6.19868653026589e-03
   6.19568666603543e-03
   6.19268845429456e-03
   6.18969189461975e-03
   6.18669698658563e-03
   6.18370372976550e-03
   6.18071212373110e-03
   6.17772216805279e-03
   6.17473386229912e-03
   6.17174720603759e-03
   6.16876219883399e-03
   6.16577884025247e-03
   6.16279712985602e-03
   6.15981706720593e-03
   6.15683865186214e-03
   6.15386188338289e-03
   6.15088676132529e-03
   6.14791328524481e-03
   6.14494145469552e-03
   6.14197126922985e-03
   6.13900272839912e-03
   6.13603583175288e-03
   6.13307057883955e-03
   6.13010696920578e-03
   6.12714500239702e-03
   6.12418467795722e-03
   6.12122599542892e-03
   6.11826895435316e-03
   6.11531355426988e-03
   6.11235979471709e-03
   6.10940767523174e-03
   6.10645719534933e-03
   6.10350835460379e-03
   6.10056115252793e-03
   6.09761558865298e-03
   6.09467166250894e-03
   6.09172937362400e-03
   6.08878872152557e-03
   6.08584970573920e-03
   6.08291232578931e-03
   6.07997658119898e-03
   6.07704247148976e-03
   6.07410999618183e-03
   6.07117915479422e-03
   6.06824994684443e-03
   6.06532237184867e-03
   6.06239642932162e-03
   6.05947211877705e-03
   6.05654943972695e-03
   6.05362839168228e-03
   6.05070897415235e-03
   6.04779118664555e-03
   6.04487502866846e-03
   6.04196049972683e-03
   6.03904759932477e-03
   6.03613632696518e-03
   6.03322668214963e-03
   6.03031866437835e-03
   6.02741227315050e-03
   6.02450750796361e-03
   6.02160436831416e-03
   6.01870285369705e-03
   6.01580296360635e-03
   6.01290469753449e-03
   6.01000805497257e-03
   6.00711303541075e-03
   6.00421963833761e-03
   6.00132786324073e-03
   5.99843770960617e-03
   5.99554917691878e-03
   5.99266226466245e-03
   5.98977697231937e-03
   5.98689329937082e-03
   5.98401124529667e-03
   5.98113080957565e-03
   5.97825199168501e-03
   5.97537479110117e-03
   5.97249920729892e-03
   5.96962523975227e-03
   5.96675288793346e-03
   5.96388215131392e-03
   5.96101302936370e-03
   5.95814552155198e-03
   5.95527962734618e-03
   5.95241534621262e-03
   5.94955267761677e-03
   5.94669162102270e-03
   5.94383217589339e-03
   5.94097434169044e-03
   5.93811811787433e-03
   5.93526350390443e-03
   5.93241049923901e-03
   5.92955910333494e-03
   5.92670931564803e-03
   5.92386113563303e-03
   5.92101456274334e-03
   5.91816959643137e-03
   5.91532623614832e-03
   5.91248448134419e-03
   5.90964433146775e-03
   5.90680578596694e-03
   5.90396884428822e-03
   5.90113350587713e-03
   5.89829977017796e-03
   5.89546763663391e-03
   5.89263710468714e-03
   5.88980817377862e-03
   5.88698084334804e-03
   5.88415511283436e-03
   5.88133098167502e-03
   5.87850844930651e-03
   5.87568751516446e-03
   5.87286817868301e-03
   5.87005043929545e-03
   5.86723429643382e-03
   5.86441974952921e-03
   5.86160679801174e-03
   5.85879544131004e-03
   5.85598567885204e-03
   5.85317751006438e-03
   5.85037093437281e-03
   5.84756595120195e-03
   5.84476255997522e-03
   5.84196076011517e-03
   5.83916055104328e-03
   5.83636193217972e-03
   5.83356490294381e-03
   5.83076946275394e-03
   5.82797561102746e-03
   5.82518334718043e-03
   5.82239267062790e-03
   5.81960358078418e-03
   5.81681607706231e-03
   5.81403015887438e-03
   5.81124582563146e-03
   5.80846307674357e-03
   5.80568191161990e-03
   5.80290232966821e-03
   5.80012433029573e-03
   5.79734791290834e-03
   5.79457307691118e-03
   5.79179982170825e-03
   5.78902814670274e-03
   5.78625805129647e-03
   5.78348953489054e-03
   5.78072259688518e-03
   5.77795723667944e-03
   5.77519345367142e-03
   5.77243124725826e-03
   5.76967061683635e-03
   5.76691156180088e-03
   5.76415408154597e-03
   5.76139817546509e-03
   5.75864384295072e-03
   5.75589108339407e-03
   5.75313989618570e-03
   5.75039028071529e-03
   5.74764223637129e-03
   5.74489576254148e-03
   5.74215085861247e-03
   5.73940752397021e-03
   5.73666575799955e-03
   5.73392556008448e-03
   5.73118692960805e-03
   5.72844986595241e-03
   5.72571436849877e-03
   5.72298043662745e-03
   5.72024806971791e-03
   5.71751726714867e-03
   5.71478802829724e-03
   5.71206035254061e-03
   5.70933423925440e-03
   5.70660968781366e-03
   5.70388669759242e-03
   5.70116526796392e-03
   5.69844539830049e-03
   5.69572708797357e-03
   5.69301033635375e-03
   5.69029514281077e-03
   5.68758150671344e-03
   5.68486942742965e-03
   5.68215890432680e-03
   5.67944993677102e-03
   5.67674252412769e-03
   5.67403666576152e-03
   5.67133236103620e-03
   5.66862960931462e-03
   5.66592840995892e-03
   5.66322876233037e-03
   5.66053066578927e-03
   5.65783411969526e-03
   5.65513912340718e-03
   5.65244567628294e-03
   5.64975377767966e-03
   5.64706342695373e-03
   5.64437462346063e-03
   5.64168736655501e-03
   5.63900165559086e-03
   5.63631748992116e-03
   5.63363486889836e-03
   5.63095379187400e-03
   5.62827425819873e-03
   5.62559626722250e-03
   5.62291981829454e-03
   5.62024491076310e-03
   5.61757154397598e-03
   5.61489971727995e-03
   5.61222943002102e-03
   5.60956068154454e-03
   5.60689347119496e-03
   5.60422779831620e-03
   5.60156366225111e-03
   5.59890106234216e-03
   5.59623999793082e-03
   5.59358046835777e-03
   5.59092247296308e-03
   5.58826601108618e-03
   5.58561108206531e-03
   5.58295768523855e-03
   5.58030581994294e-03
   5.57765548551480e-03
   5.57500668128971e-03
   5.57235940660265e-03
   5.56971366078787e-03
   5.56706944317884e-03
   5.56442675310825e-03
   5.56178558990820e-03
   5.55914595290996e-03
   5.55650784144435e-03
   5.55387125484112e-03
   5.55123619242973e-03
   5.54860265353878e-03
   5.54597063749587e-03
   5.54334014362843e-03
   5.54071117126290e-03
   5.53808371972495e-03
   5.53545778833989e-03
   5.53283337643220e-03
   5.53021048332566e-03
   5.52758910834351e-03
   5.52496925080799e-03
   5.52235091004107e-03
   5.51973408536373e-03
   5.51711877609662e-03
   5.51450498155950e-03
   5.51189270107160e-03
   5.50928193395146e-03
   5.50667267951694e-03
   5.50406493708531e-03
   5.50145870597328e-03
   5.49885398549670e-03
   5.49625077497109e-03
   5.49364907371098e-03
   5.49104888103061e-03
   5.48845019624331e-03
   5.48585301866217e-03
   5.48325734759916e-03
   5.48066318236602e-03
   5.47807052227397e-03
   5.47547936663312e-03
   5.47288971475344e-03
   5.47030156594400e-03
   5.46771491951359e-03
   5.46512977477008e-03
   5.46254613102099e-03
   5.45996398757302e-03
   5.45738334373247e-03
   5.45480419880502e-03
   5.45222655209571e-03
   5.44965040290909e-03
   5.44707575054895e-03
   5.44450259431876e-03
   5.44193093352122e-03
   5.43936076745864e-03
   5.43679209543265e-03
   5.43422491674422e-03
   5.43165923069398e-03
   5.42909503658196e-03
   5.42653233370747e-03
   5.42397112136945e-03
   5.42141139886624e-03
   5.41885316549545e-03
   5.41629642055461e-03
   5.41374116334008e-03
   5.41118739314843e-03
   5.40863510927512e-03
   5.40608431101511e-03
   5.40353499766317e-03
   5.40098716851333e-03
   5.39844082285912e-03
   5.39589595999349e-03
   5.39335257920911e-03
   5.39081067979769e-03
   5.38827026105110e-03
   5.38573132225997e-03
   5.38319386271489e-03
   5.38065788170594e-03
   5.37812337852255e-03
   5.37559035245359e-03
   5.37305880278763e-03
   5.37052872881268e-03
   5.36800012981614e-03
   5.36547300508511e-03
   5.36294735390617e-03
   5.36042317556540e-03
   5.35790046934830e-03
   5.35537923454006e-03
   5.35285947042514e-03
   5.35034117628807e-03
   5.34782435141220e-03
   5.34530899508091e-03
   5.34279510657692e-03
   5.34028268518282e-03
   5.33777173018007e-03
   5.33526224085041e-03
   5.33275421647479e-03
   5.33024765633352e-03
   5.32774255970681e-03
   5.32523892587437e-03
   5.32273675411541e-03
   5.32023604370853e-03
   5.31773679393206e-03
   5.31523900406402e-03
   5.31274267338196e-03
   5.31024780116280e-03
   5.30775438668308e-03
   5.30526242921930e-03
   5.30277192804686e-03
   5.30028288244143e-03
   5.29779529167774e-03
   5.29530915503052e-03
   5.29282447177373e-03
   5.29034124118137e-03
   5.28785946252653e-03
   5.28537913508223e-03
   5.28290025812115e-03
   5.28042283091526e-03
   5.27794685273628e-03
   5.27547232285571e-03
   5.27299924054429e-03
   5.27052760507300e-03
   5.26805741571169e-03
   5.26558867173035e-03
   5.26312137239838e-03
   5.26065551698490e-03
   5.25819110475867e-03
   5.25572813498797e-03
   5.25326660694071e-03
   5.25080651988456e-03
   5.24834787308680e-03
   5.24589066581423e-03
   5.24343489733340e-03
   5.24098056691060e-03
   5.23852767381151e-03
   5.23607621730173e-03
   5.23362619664632e-03
   5.23117761111011e-03
   5.22873045995748e-03
   5.22628474245254e-03
   5.22384045785911e-03
   5.22139760544066e-03
   5.21895618446014e-03
   5.21651619418036e-03
   5.21407763386385e-03
   5.21164050277274e-03
   5.20920480016870e-03
   5.20677052531334e-03
   5.20433767746776e-03
   5.20190625589280e-03
   5.19947625984907e-03
   5.19704768859659e-03
   5.19462054139559e-03
   5.19219481750538e-03
   5.18977051618540e-03
   5.18734763669467e-03
   5.18492617829183e-03
   5.18250614023534e-03
   5.18008752178325e-03
   5.17767032219353e-03
   5.17525454072356e-03
   5.17284017663074e-03
   5.17042722917182e-03
   5.16801569760361e-03
   5.16560558118252e-03
   5.16319687916478e-03
   5.16078959080596e-03
   5.15838371536192e-03
   5.15597925208767e-03
   5.15357620023853e-03
   5.15117455906906e-03
   5.14877432783399e-03
   5.14637550578749e-03
   5.14397809218330e-03
   5.14158208627545e-03
   5.13918748731738e-03
   5.13679429456212e-03
   5.13440250726286e-03
   5.13201212467217e-03
   5.12962314604259e-03
   5.12723557062642e-03
   5.12484939767562e-03
   5.12246462644189e-03
   5.12008125617676e-03
   5.11769928613152e-03
   5.11531871555729e-03
   5.11293954370481e-03
   5.11056176982473e-03
   5.10818539316732e-03
   5.10581041298281e-03
   5.10343682852113e-03
   5.10106463903196e-03
   5.09869384376483e-03
   5.09632444196892e-03
   5.09395643289333e-03
   5.09158981578702e-03
   5.08922458989834e-03
   5.08686075447607e-03
   5.08449830876823e-03
   5.08213725202286e-03
   5.07977758348793e-03
   5.07741930241090e-03
   5.07506240803929e-03
   5.07270689962033e-03
   5.07035277640108e-03
   5.06800003762838e-03
   5.06564868254886e-03
   5.06329871040915e-03
   5.06095012045547e-03
   5.05860291193383e-03
   5.05625708409031e-03
   5.05391263617067e-03
   5.05156956742053e-03
   5.04922787708522e-03
   5.04688756441002e-03
   5.04454862864011e-03
   5.04221106902025e-03
   5.03987488479531e-03
   5.03754007520984e-03
   5.03520663950828e-03
   5.03287457693486e-03
   5.03054388673372e-03
   5.02821456814890e-03
   5.02588662042408e-03
   5.02356004280301e-03
   5.02123483452917e-03
   5.01891099484589e-03
   5.01658852299642e-03
   5.01426741822395e-03
   5.01194767977116e-03
   5.00962930688102e-03
   5.00731229879623e-03
   5.00499665475926e-03
   5.00268237401242e-03
   5.00036945579805e-03
   4.99805789935842e-03
   4.99574770393532e-03
   4.99343886877064e-03
   4.99113139310639e-03
   4.98882527618407e-03
   4.98652051724513e-03
   4.98421711553107e-03
   4.98191507028317e-03
   4.97961438074256e-03
   4.97731504615039e-03
   4.97501706574755e-03
   4.97272043877502e-03
   4.97042516447331e-03
   4.96813124208329e-03
   4.96583867084539e-03
   4.96354745000002e-03
   4.96125757878764e-03
   4.95896905644841e-03
   4.95668188222259e-03
   4.95439605535017e-03
   4.95211157507115e-03
   4.94982844062536e-03
   4.94754665125258e-03
   4.94526620619268e-03
   4.94298710468514e-03
   4.94070934596960e-03
   4.93843292928550e-03
   4.93615785387231e-03
   4.93388411896911e-03
   4.93161172381538e-03
   4.92934066765023e-03
   4.92707094971275e-03
   4.92480256924191e-03
   4.92253552547672e-03
   4.92026981765610e-03
   4.91800544501893e-03
   4.91574240680393e-03
   4.91348070224988e-03
   4.91122033059541e-03
   4.90896129107907e-03
   4.90670358293949e-03
   4.90444720541513e-03
   4.90219215774439e-03
   4.89993843916577e-03
   4.89768604891767e-03
   4.89543498623825e-03
   4.89318525036593e-03
   4.89093684053874e-03
   4.88868975599498e-03
   4.88644399597275e-03
   4.88419955971027e-03
   4.88195644644547e-03
   4.87971465541649e-03
   4.87747418586130e-03
   4.87523503701786e-03
   4.87299720812412e-03
   4.87076069841805e-03
   4.86852550713751e-03
   4.86629163352040e-03
   4.86405907680463e-03
   4.86182783622794e-03
   4.85959791102819e-03
   4.85736930044319e-03
   4.85514200371064e-03
   4.85291602006842e-03
   4.85069134875427e-03
   4.84846798900599e-03
   4.84624594006122e-03
   4.84402520115769e-03
   4.84180577153329e-03
   4.83958765042558e-03
   4.83737083707235e-03
   4.83515533071139e-03
   4.83294113058032e-03
   4.83072823591695e-03
   4.82851664595898e-03
   4.82630635994423e-03
   4.82409737711047e-03
   4.82188969669529e-03
   4.81968331793656e-03
   4.81747824007216e-03
   4.81527446233975e-03
   4.81307198397728e-03
   4.81087080422244e-03
   4.80867092231317e-03
   4.80647233748740e-03
   4.80427504898287e-03
   4.80207905603769e-03
   4.79988435788968e-03
   4.79769095377684e-03
   4.79549884293717e-03
   4.79330802460875e-03
   4.79111849802952e-03
   4.78893026243772e-03
   4.78674331707146e-03
   4.78455766116889e-03
   4.78237329396811e-03
   4.78019021470752e-03
   4.77800842262531e-03
   4.77582791695988e-03
   4.77364869694960e-03
   4.77147076183276e-03
   4.76929411084803e-03
   4.76711874323378e-03
   4.76494465822853e-03
   4.76277185507098e-03
   4.76060033299988e-03
   4.75843009125373e-03
   4.75626112907153e-03
   4.75409344569190e-03
   4.75192704035386e-03
   4.74976191229637e-03
   4.74759806075841e-03
   4.74543548497903e-03
   4.74327418419740e-03
   4.74111415765279e-03
   4.73895540458428e-03
   4.73679792423146e-03
   4.73464171583340e-03
   4.73248677862998e-03
   4.73033311186041e-03
   4.72818071476456e-03
   4.72602958658200e-03
   4.72387972655259e-03
   4.72173113391610e-03
   4.71958380791254e-03
   4.71743774778191e-03
   4.71529295276442e-03
   4.71314942210004e-03
   4.71100715502920e-03
   4.70886615079217e-03
   4.70672640862945e-03
   4.70458792778156e-03
   4.70245070748914e-03
   4.70031474699293e-03
   4.69818004553366e-03
   4.69604660235238e-03
   4.69391441668991e-03
   4.69178348778755e-03
   4.68965381488637e-03
   4.68752539722774e-03
   4.68539823405287e-03
   4.68327232460353e-03
   4.68114766812117e-03
   4.67902426384751e-03
   4.67690211102443e-03
   4.67478120889385e-03
   4.67266155669775e-03
   4.67054315367836e-03
   4.66842599907789e-03
   4.66631009213865e-03
   4.66419543210335e-03
   4.66208201821436e-03
   4.65996984971447e-03
   4.65785892584661e-03
   4.65574924585364e-03
   4.65364080897871e-03
   4.65153361446494e-03
   4.64942766155574e-03
   4.64732294949452e-03
   4.64521947752484e-03
   4.64311724489045e-03
   4.64101625083513e-03
   4.63891649460291e-03
   4.63681797543783e-03
   4.63472069258418e-03
   4.63262464528624e-03
   4.63052983278859e-03
   4.62843625433571e-03
   4.62634390917251e-03
   4.62425279654385e-03
   4.62216291569480e-03
   4.62007426587043e-03
   4.61798684631625e-03
   4.61590065627773e-03
   4.61381569500029e-03
   4.61173196172980e-03
   4.60964945571211e-03
   4.60756817619347e-03
   4.60548812241986e-03
   4.60340929363777e-03
   4.60133168909362e-03
   4.59925530803414e-03
   4.59718014970614e-03
   4.59510621335645e-03
   4.59303349823237e-03
   4.59096200358105e-03
   4.58889172865017e-03
   4.58682267268702e-03
   4.58475483493952e-03
   4.58268821465551e-03
   4.58062281108314e-03
   4.57855862347070e-03
   4.57649565106653e-03
   4.57443389311921e-03
   4.57237334887747e-03
   4.57031401759031e-03
   4.56825589850680e-03
   4.56619899087613e-03
   4.56414329394776e-03
   4.56208880697126e-03
   4.56003552919655e-03
   4.55798345987340e-03
   4.55593259825197e-03
   4.55388294358261e-03
   4.55183449511587e-03
   4.54978725210240e-03
   4.54774121379282e-03
   4.54569637943847e-03
   4.54365274829038e-03
   4.54161031959986e-03
   4.53956909261869e-03
   4.53752906659853e-03
   4.53549024079134e-03
   4.53345261444926e-03
   4.53141618682465e-03
   4.52938095716991e-03
   4.52734692473785e-03
   4.52531408878143e-03
   4.52328244855361e-03
   4.52125200330771e-03
   4.51922275229726e-03
   4.51719469477596e-03
   4.51516782999756e-03
   4.51314215721630e-03
   4.51111767568630e-03
   4.50909438466221e-03
   4.50707228339853e-03
   4.50505137115024e-03
   4.50303164717238e-03
   4.50101311072036e-03
   4.49899576104947e-03
   4.49697959741552e-03
   4.49496461907444e-03
   4.49295082528233e-03
   4.49093821529546e-03
   4.48892678837039e-03
   4.48691654376398e-03
   4.48490748073296e-03
   4.48289959853464e-03
   4.48089289642650e-03
   4.47888737366599e-03
   4.47688302951098e-03
   4.47487986321948e-03
   4.47287787404983e-03
   4.47087706126041e-03
   4.46887742410996e-03
   4.46687896185733e-03
   4.46488167376179e-03
   4.46288555908253e-03
   4.46089061707926e-03
   4.45889684701173e-03
   4.45690424813992e-03
   4.45491281972412e-03
   4.45292256102484e-03
   4.45093347130279e-03
   4.44894554981902e-03
   4.44695879583454e-03
   4.44497320861078e-03
   4.44298878740936e-03
   4.44100553149238e-03
   4.43902344012166e-03
   4.43704251255957e-03
   4.43506274806882e-03
   4.43308414591221e-03
   4.43110670535264e-03
   4.42913042565345e-03
   4.42715530607824e-03
   4.42518134589069e-03
   4.42320854435489e-03
   4.42123690073505e-03
   4.41926641429557e-03
   4.41729708430123e-03
   4.41532891001712e-03
   4.41336189070831e-03
   4.41139602564038e-03
   4.40943131407900e-03
   4.40746775529003e-03
   4.40550534853985e-03
   4.40354409309489e-03
   4.40158398822168e-03
   4.39962503318743e-03
   4.39766722725913e-03
   4.39571056970441e-03
   4.39375505979084e-03
   4.39180069678654e-03
   4.38984747995962e-03
   4.38789540857863e-03
   4.38594448191230e-03
   4.38399469922951e-03
   4.38204605979977e-03
   4.38009856289245e-03
   4.37815220777728e-03
   4.37620699372438e-03
   4.37426292000394e-03
   4.37231998588663e-03
   4.37037819064316e-03
   4.36843753354474e-03
   4.36649801386264e-03
   4.36455963086854e-03
   4.36262238383420e-03
   4.36068627203183e-03
   4.35875129473389e-03
   4.35681745121302e-03
   4.35488474074219e-03
   4.35295316259466e-03
   4.35102271604386e-03
   4.34909340036353e-03
   4.34716521482778e-03
   4.34523815871094e-03
   4.34331223128749e-03
   4.34138743183237e-03
   4.33946375962079e-03
   4.33754121392794e-03
   4.33561979402972e-03
   4.33369949920195e-03
   4.33178032872094e-03
   4.32986228186332e-03
   4.32794535790569e-03
   4.32602955612516e-03
   4.32411487579921e-03
   4.32220131620541e-03
   4.32028887662166e-03
   4.31837755632626e-03
   4.31646735459763e-03
   4.31455827071449e-03
   4.31265030395607e-03
   4.31074345360152e-03
   4.30883771893066e-03
   4.30693309922335e-03
   4.30502959375974e-03
   4.30312720182042e-03
   4.30122592268615e-03
   4.29932575563791e-03
   4.29742669995723e-03
   4.29552875492560e-03
   4.29363191982515e-03
   4.29173619393811e-03
   4.28984157654683e-03
   4.28794806693431e-03
   4.28605566438362e-03
   4.28416436817816e-03
   4.28227417760175e-03
   4.28038509193837e-03
   4.27849711047214e-03
   4.27661023248799e-03
   4.27472445727056e-03
   4.27283978410520e-03
   4.27095621227748e-03
   4.26907374107297e-03
   4.26719236977803e-03
   4.26531209767901e-03
   4.26343292406244e-03
   4.26155484821560e-03
   4.25967786942563e-03
   4.25780198698029e-03
   4.25592720016740e-03
   4.25405350827528e-03
   4.25218091059241e-03
   4.25030940640757e-03
   4.24843899501008e-03
   4.24656967568930e-03
   4.24470144773508e-03
   4.24283431043729e-03
   4.24096826308669e-03
   4.23910330497362e-03
   4.23723943538933e-03
   4.23537665362502e-03
   4.23351495897241e-03
   4.23165435072331e-03
   4.22979482817022e-03
   4.22793639060531e-03
   4.22607903732191e-03
   4.22422276761294e-03
   4.22236758077206e-03
   4.22051347609310e-03
   4.21866045287015e-03
   4.21680851039782e-03
   4.21495764797068e-03
   4.21310786488402e-03
   4.21125916043313e-03
   4.20941153391388e-03
   4.20756498462215e-03
   4.20571951185452e-03
   4.20387511490763e-03
   4.20203179307849e-03
   4.20018954566452e-03
   4.19834837196321e-03
   4.19650827127271e-03
   4.19466924289127e-03
   4.19283128611764e-03
   4.19099440025074e-03
   4.18915858458975e-03
   4.18732383843439e-03
   4.18549016108462e-03
   4.18365755184072e-03
   4.18182601000326e-03
   4.17999553487306e-03
   4.17816612575172e-03
   4.17633778194040e-03
   4.17451050274117e-03
   4.17268428745638e-03
   4.17085913538850e-03
   4.16903504584060e-03
   4.16721201811565e-03
   4.16539005151735e-03
   4.16356914534976e-03
   4.16174929891686e-03
   4.15993051152336e-03
   4.15811278247404e-03
   4.15629611107426e-03
   4.15448049662951e-03
   4.15266593844584e-03
   4.15085243582926e-03
   4.14903998808655e-03
   4.14722859452457e-03
   4.14541825445057e-03
   4.14360896717205e-03
   4.14180073199714e-03
   4.13999354823391e-03
   4.13818741519103e-03
   4.13638233217741e-03
   4.13457829850248e-03
   4.13277531347568e-03
   4.13097337640714e-03
   4.12917248660699e-03
   4.12737264338604e-03
   4.12557384605519e-03
   4.12377609392582e-03
   4.12197938630955e-03
   4.12018372251850e-03
   4.11838910186497e-03
   4.11659552366164e-03
   4.11480298722160e-03
   4.11301149185821e-03
   4.11122103688532e-03
   4.10943162161696e-03
   4.10764324536755e-03
   4.10585590745186e-03
   4.10406960718505e-03
   4.10228434388259e-03
   4.10050011686028e-03
   4.09871692543440e-03
   4.09693476892134e-03
   4.09515364663810e-03
   4.09337355790182e-03
   4.09159450203006e-03
   4.08981647834085e-03
   4.08803948615234e-03
   4.08626352478327e-03
   4.08448859355250e-03
   4.08271469177953e-03
   4.08094181878387e-03
   4.07916997388559e-03
   4.07739915640514e-03
   4.07562936566326e-03
   4.07386060098095e-03
   4.07209286167976e-03
   4.07032614708150e-03
   4.06856045650825e-03
   4.06679578928259e-03
   4.06503214472737e-03
   4.06326952216593e-03
   4.06150792092168e-03
   4.05974734031867e-03
   4.05798777968110e-03
   4.05622923833376e-03
   4.05447171560156e-03
   4.05271521080996e-03
   4.05095972328466e-03
   4.04920525235176e-03
   4.04745179733754e-03
   4.04569935756915e-03
   4.04394793237349e-03
   4.04219752107818e-03
   4.04044812301119e-03
   4.03869973750062e-03
   4.03695236387521e-03
   4.03520600146387e-03
   4.03346064959599e-03
   4.03171630760123e-03
   4.02997297480967e-03
   4.02823065055170e-03
   4.02648933415828e-03
   4.02474902496026e-03
   4.02300972228954e-03
   4.02127142547767e-03
   4.01953413385708e-03
   4.01779784676021e-03
   4.01606256352037e-03
   4.01432828347067e-03
   4.01259500594478e-03
   4.01086273027690e-03
   4.00913145580139e-03
   4.00740118185310e-03
   4.00567190776718e-03
   4.00394363287916e-03
   4.00221635652508e-03
   4.00049007804122e-03
   3.99876479676406e-03
   3.99704051203065e-03
   3.99531722317856e-03
   3.99359492954536e-03
   3.99187363046925e-03
   3.99015332528878e-03
   3.98843401334272e-03
   3.98671569397036e-03
   3.98499836651129e-03
   3.98328203030548e-03
   3.98156668469329e-03
   3.97985232901551e-03
   3.97813896261310e-03
   3.97642658482759e-03
   3.97471519500089e-03
   3.97300479247511e-03
   3.97129537659296e-03
   3.96958694669720e-03
   3.96787950213135e-03
   3.96617304223904e-03
   3.96446756636439e-03
   3.96276307385174e-03
   3.96105956404596e-03
   3.95935703629235e-03
   3.95765548993633e-03
   3.95595492432402e-03
   3.95425533880164e-03
   3.95255673271585e-03
   3.95085910541388e-03
   3.94916245624306e-03
   3.94746678455133e-03
   3.94577208968673e-03
   3.94407837099803e-03
   3.94238562783405e-03
   3.94069385954418e-03
   3.93900306547817e-03
   3.93731324498606e-03
   3.93562439741840e-03
   3.93393652212598e-03
   3.93224961846004e-03
   3.93056368577217e-03
   3.92887872341443e-03
   3.92719473073909e-03
   3.92551170709896e-03
   3.92382965184710e-03
   3.92214856433712e-03
   3.92046844392277e-03
   3.91878928995847e-03
   3.91711110179869e-03
   3.91543387879869e-03
   3.91375762031364e-03
   3.91208232569947e-03
   3.91040799431231e-03
   3.90873462550864e-03
   3.90706221864546e-03
   3.90539077308008e-03
   3.90372028817021e-03
   3.90205076327393e-03
   3.90038219774968e-03
   3.89871459095638e-03
   3.89704794225310e-03
   3.89538225099956e-03
   3.89371751655582e-03
   3.89205373828205e-03
   3.89039091553917e-03
   3.88872904768827e-03
   3.88706813409086e-03
   3.88540817410890e-03
   3.88374916710459e-03
   3.88209111244080e-03
   3.88043400948042e-03
   3.87877785758689e-03
   3.87712265612412e-03
   3.87546840445637e-03
   3.87381510194821e-03
   3.87216274796454e-03
   3.87051134187082e-03
   3.86886088303278e-03
   3.86721137081665e-03
   3.86556280458877e-03
   3.86391518371632e-03
   3.86226850756644e-03
   3.86062277550676e-03
   3.85897798690561e-03
   3.85733414113114e-03
   3.85569123755243e-03
   3.85404927553862e-03
   3.85240825445942e-03
   3.85076817368477e-03
   3.84912903258503e-03
   3.84749083053111e-03
   3.84585356689417e-03
   3.84421724104567e-03
   3.84258185235765e-03
   3.84094740020246e-03
   3.83931388395279e-03
   3.83768130298176e-03
   3.83604965666293e-03
   3.83441894437013e-03
   3.83278916547764e-03
   3.83116031936023e-03
   3.82953240539295e-03
   3.82790542295104e-03
   3.82627937141067e-03
   3.82465425014779e-03
   3.82303005853926e-03
   3.82140679596191e-03
   3.81978446179314e-03
   3.81816305541085e-03
   3.81654257619331e-03
   3.81492302351895e-03
   3.81330439676664e-03
   3.81168669531588e-03
   3.81006991854642e-03
   3.80845406583835e-03
   3.80683913657210e-03
   3.80522513012882e-03
   3.80361204588956e-03
   3.80199988323620e-03
   3.80038864155085e-03
   3.79877832021583e-03
   3.79716891861404e-03
   3.79556043612887e-03
   3.79395287214389e-03
   3.79234622604320e-03
   3.79074049721123e-03
   3.78913568503276e-03
   3.78753178889307e-03
   3.78592880817769e-03
   3.78432674227262e-03
   3.78272559056439e-03
   3.78112535243974e-03
   3.77952602728577e-03
   3.77792761449017e-03
   3.77633011344097e-03
   3.77473352352631e-03
   3.77313784413512e-03
   3.77154307465646e-03
   3.76994921447997e-03
   3.76835626299539e-03
   3.76676421959327e-03
   3.76517308366430e-03
   3.76358285459942e-03
   3.76199353179036e-03
   3.76040511462878e-03
   3.75881760250720e-03
   3.75723099481820e-03
   3.75564529095479e-03
   3.75406049031063e-03
   3.75247659227948e-03
   3.75089359625570e-03
   3.74931150163374e-03
   3.74773030780874e-03
   3.74615001417624e-03
   3.74457062013200e-03
   3.74299212507221e-03
   3.74141452839360e-03
   3.73983782949311e-03
   3.73826202776820e-03
   3.73668712261670e-03
   3.73511311343673e-03
   3.73353999962685e-03
   3.73196778058624e-03
   3.73039645571421e-03
   3.72882602441032e-03
   3.72725648607515e-03
   3.72568784010892e-03
   3.72412008591279e-03
   3.72255322288802e-03
   3.72098725043643e-03
   3.71942216796010e-03
   3.71785797486171e-03
   3.71629467054398e-03
   3.71473225441036e-03
   3.71317072586458e-03
   3.71161008431082e-03
   3.71005032915354e-03
   3.70849145979760e-03
   3.70693347564839e-03
   3.70537637611158e-03
   3.70382016059328e-03
   3.70226482849985e-03
   3.70071037923840e-03
   3.69915681221620e-03
   3.69760412684068e-03
   3.69605232252014e-03
   3.69450139866295e-03
   3.69295135467800e-03
   3.69140218997458e-03
   3.68985390396226e-03
   3.68830649605121e-03
   3.68675996565180e-03
   3.68521431217488e-03
   3.68366953503164e-03
   3.68212563363378e-03
   3.68058260739329e-03
   3.67904045572256e-03
   3.67749917803441e-03
   3.67595877374214e-03
   3.67441924225931e-03
   3.67288058299994e-03
   3.67134279537835e-03
   3.66980587880933e-03
   3.66826983270812e-03
   3.66673465649032e-03
   3.66520034957184e-03
   3.66366691136915e-03
   3.66213434129898e-03
   3.66060263877847e-03
   3.65907180322514e-03
   3.65754183405711e-03
   3.65601273069257e-03
   3.65448449255030e-03
   3.65295711904947e-03
   3.65143060960957e-03
   3.64990496365056e-03
   3.64838018059270e-03
   3.64685625985692e-03
   3.64533320086405e-03
   3.64381100303581e-03
   3.64228966579402e-03
   3.64076918856109e-03
   3.63924957075952e-03
   3.63773081181257e-03
   3.63621291114365e-03
   3.63469586817661e-03
   3.63317968233589e-03
   3.63166435304596e-03
   3.63014987973205e-03
   3.62863626181955e-03
   3.62712349873428e-03
   3.62561158990248e-03
   3.62410053475084e-03
   3.62259033270651e-03
   3.62108098319681e-03
   3.61957248564956e-03
   3.61806483949303e-03
   3.61655804415580e-03
   3.61505209906691e-03
   3.61354700365577e-03
   3.61204275735218e-03
   3.61053935958641e-03
   3.60903680978898e-03
   3.60753510739086e-03
   3.60603425182350e-03
   3.60453424251858e-03
   3.60303507890829e-03
   3.60153676042529e-03
   3.60003928650244e-03
   3.59854265657324e-03
   3.59704687007130e-03
   3.59555192643076e-03
   3.59405782508621e-03
   3.59256456547269e-03
   3.59107214702527e-03
   3.58958056917988e-03
   3.58808983137257e-03
   3.58659993303977e-03
   3.58511087361850e-03
   3.58362265254597e-03
   3.58213526926001e-03
   3.58064872319845e-03
   3.57916301379997e-03
   3.57767814050331e-03
   3.57619410274795e-03
   3.57471089997328e-03
   3.57322853161945e-03
   3.57174699712694e-03
   3.57026629593653e-03
   3.56878642748959e-03
   3.56730739122755e-03
   3.56582918659256e-03
   3.56435181302685e-03
   3.56287526997346e-03
   3.56139955687547e-03
   3.55992467317641e-03
   3.55845061832032e-03
   3.55697739175160e-03
   3.55550499291495e-03
   3.55403342125557e-03
   3.55256267621898e-03
   3.55109275725115e-03
   3.54962366379835e-03
   3.54815539530741e-03
   3.54668795122541e-03
   3.54522133099987e-03
   3.54375553407858e-03
   3.54229055991000e-03
   3.54082640794265e-03
   3.53936307762581e-03
   3.53790056840880e-03
   3.53643887974154e-03
   3.53497801107426e-03
   3.53351796185752e-03
   3.53205873154248e-03
   3.53060031958046e-03
   3.52914272542341e-03
   3.52768594852348e-03
   3.52622998833324e-03
   3.52477484430568e-03
   3.52332051589420e-03
   3.52186700255264e-03
   3.52041430373505e-03
   3.51896241889600e-03
   3.51751134749047e-03
   3.51606108897384e-03
   3.51461164280174e-03
   3.51316300843037e-03
   3.51171518531618e-03
   3.51026817291606e-03
   3.50882197068731e-03
   3.50737657808760e-03
   3.50593199457494e-03
   3.50448821960789e-03
   3.50304525264530e-03
   3.50160309314625e-03
   3.50016174057051e-03
   3.49872119437798e-03
   3.49728145402916e-03
   3.49584251898474e-03
   3.49440438870607e-03
   3.49296706265451e-03
   3.49153054029223e-03
   3.49009482108132e-03
   3.48865990448467e-03
   3.48722578996548e-03
   3.48579247698709e-03
   3.48435996501344e-03
   3.48292825350885e-03
   3.48149734193801e-03
   3.48006722976595e-03
   3.47863791645813e-03
   3.47720940148034e-03
   3.47578168429889e-03
   3.47435476438036e-03
   3.47292864119169e-03
   3.47150331420035e-03
   3.47007878287402e-03
   3.46865504668094e-03
   3.46723210508969e-03
   3.46580995756907e-03
   3.46438860358852e-03
   3.46296804261775e-03
   3.46154827412674e-03
   3.46012929758613e-03
   3.45871111246661e-03
   3.45729371823961e-03
   3.45587711437655e-03
   3.45446130034969e-03
   3.45304627563126e-03
   3.45163203969412e-03
   3.45021859201148e-03
   3.44880593205688e-03
   3.44739405930427e-03
   3.44598297322800e-03
   3.44457267330276e-03
   3.44316315900367e-03
   3.44175442980622e-03
   3.44034648518622e-03
   3.43893932462001e-03
   3.43753294758419e-03
   3.43612735355592e-03
   3.43472254201235e-03
   3.43331851243156e-03
   3.43191526429160e-03
   3.43051279707102e-03
   3.42911111024881e-03
   3.42771020330431e-03
   3.42631007571698e-03
   3.42491072696718e-03
   3.42351215653544e-03
   3.42211436390251e-03
   3.42071734854965e-03
   3.41932110995835e-03
   3.41792564761086e-03
   3.41653096098945e-03
   3.41513704957685e-03
   3.41374391285632e-03
   3.41235155031140e-03
   3.41095996142573e-03
   3.40956914568405e-03
   3.40817910257074e-03
   3.40678983157098e-03
   3.40540133217017e-03
   3.40401360385413e-03
   3.40262664610911e-03
   3.40124045842169e-03
   3.39985504027879e-03
   3.39847039116779e-03
   3.39708651057650e-03
   3.39570339799286e-03
   3.39432105290554e-03
   3.39293947480325e-03
   3.39155866317533e-03
   3.39017861751140e-03
   3.38879933730139e-03
   3.38742082203573e-03
   3.38604307120522e-03
   3.38466608430106e-03
   3.38328986081465e-03
   3.38191440023791e-03
   3.38053970206319e-03
   3.37916576578313e-03
   3.37779259089075e-03
   3.37642017687940e-03
   3.37504852324296e-03
   3.37367762947558e-03
   3.37230749507188e-03
   3.37093811952667e-03
   3.36956950233530e-03
   3.36820164299343e-03
   3.36683454099715e-03
   3.36546819584283e-03
   3.36410260702731e-03
   3.36273777404795e-03
   3.36137369640206e-03
   3.36001037358761e-03
   3.35864780510310e-03
   3.35728599044706e-03
   3.35592492911862e-03
   3.35456462061727e-03
   3.35320506444263e-03
   3.35184626009509e-03
   3.35048820707511e-03
   3.34913090488373e-03
   3.34777435302229e-03
   3.34641855099238e-03
   3.34506349829605e-03
   3.34370919443585e-03
   3.34235563891453e-03
   3.34100283123523e-03
   3.33965077090163e-03
   3.33829945741762e-03
   3.33694889028746e-03
   3.33559906901588e-03
   3.33424999310792e-03
   3.33290166206902e-03
   3.33155407540491e-03
   3.33020723262198e-03
   3.32886113322657e-03
   3.32751577672564e-03
   3.32617116262651e-03
   3.32482729043684e-03
   3.32348415966466e-03
   3.32214176981833e-03
   3.32080012040671e-03
   3.31945921093893e-03
   3.31811904092446e-03
   3.31677960987319e-03
   3.31544091729543e-03
   3.31410296270185e-03
   3.31276574560339e-03
   3.31142926551142e-03
   3.31009352193772e-03
   3.30875851439437e-03
   3.30742424239383e-03
   3.30609070544900e-03
   3.30475790307309e-03
   3.30342583477964e-03
   3.30209450008272e-03
   3.30076389849657e-03
   3.29943402953582e-03
   3.29810489271571e-03
   3.29677648755149e-03
   3.29544881355914e-03
   3.29412187025462e-03
   3.29279565715467e-03
   3.29147017377612e-03
   3.29014541963613e-03
   3.28882139425250e-03
   3.28749809714322e-03
   3.28617552782658e-03
   3.28485368582137e-03
   3.28353257064662e-03
