   0.00000000000000e+00   4.63121406062617e-02   2.50000000000000e-01
   3.03030303030303e-02   7.05077943097820e-02   2.57574598192569e-01
   6.06060606060606e-02   9.50327465693770e-02   2.65142241363485e-01
   9.09090909090909e-02   1.19842735051936e-01   2.72695980877218e-01
   1.21212121212121e-01   1.44893893854805e-01   2.80228880864623e-01
   1.51515151515152e-01   1.70143101359255e-01   2.87734024591481e-01
   1.81818181818182e-01   1.95548300878811e-01   2.95204520809462e-01
   2.12121212121212e-01   2.21068788185741e-01   3.02633510083698e-01
   2.42424242424242e-01   2.46665460460290e-01   3.10014171091135e-01
   2.72727272727273e-01   2.72301021760292e-01   3.17339726883900e-01
   3.03030303030303e-01   2.97940140780613e-01   3.24603451111910e-01
   3.33333333333333e-01   3.23549557480142e-01   3.31798674199038e-01
   3.63636363636364e-01   3.49098136104551e-01   3.38918789467133e-01
   3.93939393939394e-01   3.74556863217539e-01   3.45957259202298e-01
   4.24242424242424e-01   3.99898790550401e-01   3.52907620657842e-01
   4.54545454545455e-01   4.25098923757491e-01   3.59763491988390e-01
   4.84848484848485e-01   4.50134059484116e-01   3.66518578109724e-01
   5.15151515151515e-01   4.74982574470226e-01   3.73166676478941e-01
   5.45454545454545e-01   4.99624171684796e-01   3.79701682789657e-01
   5.75757575757576e-01   5.24039589670502e-01   3.86117596576996e-01
   6.06060606060606e-01   5.48210282339199e-01   3.92408526727241e-01
   6.36363636363636e-01   5.72118077363474e-01   3.98568696887072e-01
   6.66666666666667e-01   5.95744822030430e-01   4.04592450767434e-01
   6.96969696969697e-01   6.19072025938297e-01   4.10474257337161e-01
   7.27272727272727e-01   6.42080510205020e-01   4.16208715901586e-01
   7.57575757575758e-01   6.64750072905905e-01   4.21790561061481e-01
   7.87878787878788e-01   6.87059180252872e-01   4.27214667547760e-01
   8.18181818181818e-01   7.08984692564378e-01   4.32476054927518e-01
   8.48484848484849e-01   7.30501633351053e-01   4.37569892177089e-01
   8.78787878787879e-01   7.51583008863503e-01   4.42491502117896e-01
   9.09090909090909e-01   7.72199684230094e-01   4.47236365711064e-01
   9.39393939393939e-01   7.92320320878557e-01   4.51800126206810e-01
   9.69696969696970e-01   8.11911378321770e-01   4.56178593144825e-01
   1.00000000000000e+00   8.30937181642318e-01   4.60367746201974e-01
   1.03030303030303e+00   8.49360054189816e-01   4.64363738883765e-01
   1.06060606060606e+00   8.67140513175807e-01   4.68162902056215e-01
   1.09090909090909e+00   8.84237524084409e-01   4.71761747314864e-01
   1.12121212121212e+00   9.00608808185701e-01   4.75156970187834e-01
   1.15151515151515e+00   9.16211196012385e-01   4.78345453170013e-01
   1.18181818181818e+00   9.31001018499660e-01   4.81324268585552e-01
   1.21212121212121e+00   9.44934526641755e-01   4.84090681276071e-01
   1.24242424242424e+00   9.57968330018280e-01   4.86642151112092e-01
   1.27272727272727e+00   9.70059844401767e-01   4.88976335325390e-01
   1.30303030303030e+00   9.81167738867446e-01   4.91091090660133e-01
   1.33333333333333e+00   9.91252373360236e-01   4.92984475340828e-01
   1.36363636363636e+00   1.00027621848810e+00   4.94654750855264e-01
   1.39393939393939e+00   1.00820425034762e+00   4.96100383550819e-01
   1.42424242424242e+00   1.01500431437995e+00   4.97320046042668e-01
   1.45454545454545e+00   1.02064745353240e+00   4.98312618432589e-01
   1.48484848484848e+00   1.02510819729436e+00   4.99077189337262e-01
   1.51515151515152e+00   1.02836480942118e+00   4.99613056725097e-01
   1.54545454545455e+00   1.03039949330364e+00   4.99919728560849e-01
   1.57575757575758e+00   1.03119855494257e+00   4.99996923257402e-01
   1.60606060606061e+00   1.03075252431950e+00   4.99844569934325e-01
   1.63636363636364e+00   1.02905623660423e+00   4.99462808482953e-01
   1.66666666666667e+00   1.02610887510645e+00   4.98851989437941e-01
   1.69696969696970e+00   1.02191397817533e+00   4.98012673655401e-01
   1.72727272727273e+00   1.01647941239716e+00   4.96945631797919e-01
   1.75757575757576e+00   1.00981731446528e+00   4.95651843626935e-01
   1.78787878787879e+00   1.00194400402842e+00   4.94132497103118e-01
   1.81818181818182e+00   9.92879869696186e-01   4.92388987295581e-01
   1.84848484848485e+00   9.82649230222842e-01   4.90422915100919e-01
   1.87878787878788e+00   9.71280172730471e-01   4.88236085773265e-01
   1.90909090909091e+00   9.58804369692730e-01   4.85830507266697e-01
   1.93939393939394e+00   9.45256876296539e-01   4.83208388391527e-01
   1.96969696969697e+00   9.30675909742886e-01   4.80372136786166e-01
   2.00000000000000e+00   9.15102612043798e-01   4.77324356706420e-01
   2.03030303030303e+00   8.98580797920187e-01   4.74067846634259e-01
   2.06060606060606e+00   8.81156689498744e-01   4.70605596708232e-01
   2.09090909090909e+00   8.62878639636753e-01   4.66940785977920e-01
   2.12121212121212e+00   8.43796845858895e-01   4.63076779484919e-01
   2.15151515151515e+00   8.23963057056238e-01   4.59017125173046e-01
   2.18181818181818e+00   8.03430275260364e-01   4.54765550630607e-01
   2.21212121212121e+00   7.82252454950596e-01   4.50325959667712e-01
   2.24242424242424e+00   7.60484202467067e-01   4.45702428731785e-01
   2.27272727272727e+00   7.38180478176000e-01   4.40899203164552e-01
   2.30303030303030e+00   7.15396304057992e-01   4.35920693303959e-01
   2.33333333333333e+00   6.92186479359614e-01   4.30771470434581e-01
   2.36363636363636e+00   6.68605306861565e-01   4.25456262590255e-01
   2.39393939393939e+00   6.44706332172802e-01   4.19979950212783e-01
   2.42424242424242e+00   6.20542098263604e-01   4.14347561670694e-01
   2.45454545454545e+00   5.96163917206753e-01   4.08564268642177e-01
   2.48484848484848e+00   5.71621660812754e-01   4.02635381366432e-01
   2.51515151515152e+00   5.46963571531491e-01   3.96566343767789e-01
   2.54545454545455e+00   5.22236094658696e-01   3.90362728457076e-01
   2.57575757575758e+00   4.97483732541562e-01   3.84030231614833e-01
   2.60606060606061e+00   4.72748921133726e-01   3.77574667761057e-01
   2.63636363636364e+00   4.48071928915199e-01   3.71001964416291e-01
   2.66666666666667e+00   4.23490777876095e-01   3.64318156658953e-01
   2.69696969696970e+00   3.99041185971351e-01   3.57529381583910e-01
   2.72727272727273e+00   3.74756530192856e-01   3.50641872667374e-01
   2.75757575757576e+00   3.50667829179712e-01   3.43661954043304e-01
   2.78787878787879e+00   3.26803744099392e-01   3.36596034696564e-01
   2.81818181818182e+00   3.03190596383622e-01   3.29450602578173e-01
   2.84848484848485e+00   2.79852400792767e-01   3.22232218648045e-01
   2.87878787878788e+00   2.56810912210054e-01   3.14947510850694e-01
   2.90909090909091e+00   2.34085684529890e-01   3.07603168029435e-01
   2.93939393939394e+00   2.11694139999830e-01   3.00205933784659e-01
   2.96969696969697e+00   1.89651647399845e-01   2.92762600281846e-01
   3.00000000000000e+00   1.67971607491524e-01   2.85280002014967e-01
